theta s11 s12 s13 s14 s21 s22 s23 s24 s31 s32 s33 s34 s41 s42 s43 s44
0.00 1.4154797789E+02 0.0000000000E+00 0.0000000000E+00 3.5749017610E-12 0.0000000000E+00 1.4154797789E+02 2.4833453038E-11 0.0000000000E+00 0.0000000000E+00 -2.4833453038E-11 1.4154797789E+02 0.0000000000E+00 3.5749017610E-12 0.0000000000E+00 0.0000000000E+00 1.4154797789E+02
1.00 1.4140075333E+02 -5.8903788370E-03 -2.5905502680E-12 6.1574667152E-12 -5.8903788370E-03 1.4140075333E+02 2.7406571296E-11 -2.5823155380E-12 -2.5889752434E-12 -2.7406281619E-11 1.4140075286E+02 9.9513430584E-03 6.1575413674E-12 2.5839878114E-12 -9.9513430584E-03 1.4140075286E+02
2.00 1.4095992069E+02 -2.3466973151E-02 -5.1674411963E-12 8.7382127259E-12 -2.3466973151E-02 1.4095992069E+02 2.9938675024E-11 -5.1562086803E-12 -5.1599956563E-12 -2.9936361936E-11 1.4095991314E+02 3.9706967217E-02 8.7388083073E-12 5.1631869880E-12 -3.9706967217E-02 1.4095991314E+02
3.00 1.4022799582E+02 -5.2447619491E-02 -7.7202012859E-12 1.1311565239E-11 -5.2447619491E-02 1.4022799582E+02 3.2418388739E-11 -7.7152769005E-12 -7.7009000507E-12 -3.2410604444E-11 1.4022795779E+02 8.8972730354E-02 1.1313568780E-11 7.7316123645E-12 -8.8972730354E-02 1.4022795779E+02
4.00 1.3920914780E+02 -9.2366898463E-02 -1.0238134096E-11 1.3870818725E-11 -9.2366898463E-02 1.3920914780E+02 3.4835541767E-11 -1.0253521783E-11 -1.0199354112E-11 -3.4817161269E-11 1.3920902833E+02 1.5726195874E-01 1.3875549320E-11 1.0283659451E-11 -1.5726195874E-01 1.3920902833E+02
5.00 1.3790916316E+02 -1.4258333019E-01 -1.2710426378E-11 1.6409266712E-11 -1.4258333019E-01 1.3790916316E+02 3.7180333056E-11 -1.2764955283E-11 -1.2642975367E-11 -3.7144607953E-11 1.3790887377E+02 2.4390074516E-01 1.6418463436E-11 1.2813709243E-11 -2.4390074516E-01 1.3790887377E+02
6.00 1.3633539636E+02 -2.0228928127E-01 -1.5127685863E-11 1.8921948960E-11 -2.0228928127E-01 1.3633539636E+02 3.9441520952E-11 -1.5242415826E-11 -1.5020885435E-11 -3.9380150955E-11 1.3633480206E+02 3.4803527390E-01 1.8937760521E-11 1.5314936068E-11 -3.4803527390E-01 1.3633480206E+02
7.00 1.3449670714E+02 -2.7052342025E-01 -1.7479147239E-11 2.1401254117E-11 -2.7052342025E-01 1.3449670714E+02 4.1610532167E-11 -1.7681429084E-11 -1.7320935377E-11 -4.1513747215E-11 1.3449561860E+02 4.6864108165E-01 2.1426216694E-11 1.7783177780E-11 -4.6864108165E-01 1.3449561860E+02
8.00 1.3240338522E+02 -3.4618551692E-01 -1.9755216752E-11 2.3842007127E-11 -3.4618551692E-01 1.3240338522E+02 4.3678609286E-11 -2.0074763991E-11 -1.9532255725E-11 -4.3535276744E-11 1.3240155253E+02 6.0453413972E-01 2.3879030997E-11 2.0211481379E-11 -6.0453413972E-01 1.3240155253E+02
9.00 1.3006706346E+02 -4.2805334300E-01 -2.1946798039E-11 2.6237583906E-11 -4.2805334300E-01 1.3006706346E+02 4.5635800073E-11 -2.2418013011E-11 -2.1644610470E-11 -4.5433528936E-11 1.3006417137E+02 7.5438362075E-01 2.6289928189E-11 2.2595679615E-11 -7.5438362075E-01 1.3006417137E+02
10.00 1.2750062014E+02 -5.1480139799E-01 -2.4044931971E-11 2.8582174228E-11 -5.1480139799E-01 1.2750062014E+02 4.7474418148E-11 -2.4704522121E-11 -2.3648034042E-11 -4.7199696940E-11 1.2749628516E+02 9.1672619285E-01 2.8653429268E-11 2.4929329839E-11 -9.1672619285E-01 1.2749628516E+02
11.00 1.2471807163E+02 -6.0502115559E-01 -2.6042060358E-11 3.0870243750E-11 -6.0502115559E-01 1.2471807163E+02 4.9185770380E-11 -2.6929289549E-11 -2.5534115778E-11 -4.8824094074E-11 1.2471184098E+02 1.0899816662E+00 3.0964310759E-11 2.7207595149E-11 -1.0899816662E+00 1.2471184098E+02
12.00 1.2173445652E+02 -6.9724250229E-01 -2.7929596400E-11 3.3095229081E-11 -6.9724250229E-01 1.2173445652E+02 5.0763428888E-11 -2.9087861107E-11 -2.7293579981E-11 -5.0299446479E-11 1.2172580901E+02 1.2724698007E+00 3.3216281098E-11 2.9426167867E-11 -1.2724698007E+00 1.2172580901E+02
13.00 1.1856571241E+02 -7.8995602266E-01 -2.9698210199E-11 3.5254644255E-11 -7.8995602266E-01 1.1856571241E+02 5.2202114221E-11 -3.1171766726E-11 -2.8916527161E-11 -5.1619842445E-11 1.1855406122E+02 1.4624280725E+00 3.5407104444E-11 3.1576678002E-11 -1.4624280725E+00 1.1855406122E+02
14.00 1.1522854673E+02 -8.8163577391E-01 -3.1343396869E-11 3.7339548575E-11 -8.8163577391E-01 1.1522854673E+02 5.3493319964E-11 -3.3179867033E-11 -3.0398152594E-11 -5.2776206835E-11 1.1521324418E+02 1.6580301824E+00 3.7528067586E-11 3.3658044683E-11 -1.6580301824E+00 1.1521324418E+02
15.00 1.1174030293E+02 -9.7076218725E-01 -3.2858849386E-11 3.9347453945E-11 -9.7076218725E-01 1.1174030293E+02 5.4632711946E-11 -3.5105075652E-11 -3.1731932945E-11 -5.3763890571E-11 1.1172064700E+02 1.8574050885E+00 3.9576899309E-11 3.5663202803E-11 -1.8574050885E+00 1.1172064700E+02
16.00 1.0811882336E+02 -1.0558447343E+00 -3.4240063741E-11 4.1270618889E-11 -1.0558447343E+00 1.0811882336E+02 5.5613173095E-11 -3.6945676097E-11 -3.2913439777E-11 -5.4575548308E-11 1.0809406593E+02 2.0586563345E+00 4.1546030103E-11 3.7590407256E-11 -2.0586563345E+00 1.0809406593E+02
17.00 1.0438231032E+02 -1.1354440038E+00 -3.5478493296E-11 4.3107815394E-11 -1.1354440038E+00 1.0438231032E+02 5.6434821503E-11 -3.8693945569E-11 -3.3934216457E-11 -5.5211400783E-11 1.0435166703E+02 2.2598814475E+00 4.3434340732E-11 3.9431934928E-11 -2.2598814475E+00 1.0435166703E+02
18.00 1.0054918664E+02 -1.2081928470E+00 -3.6570922334E-11 4.4852724710E-11 -1.2081928470E+00 1.0054918664E+02 5.7092577732E-11 -4.0347921889E-11 -3.4791466713E-11 -5.5666511341E-11 1.0051184797E+02 2.4591911807E+00 4.5235620252E-11 4.1185737449E-11 -2.4591911807E+00 1.0051184797E+02
19.00 9.6637957129E+01 -1.2728162689E+00 -3.7516071620E-11 4.6501054309E-11 -1.2728162689E+00 9.6637957129E+01 5.7581955121E-11 -4.1904165317E-11 -3.5484492371E-11 -5.5936718215E-11 9.6593100758E+01 2.6547283798E+00 4.6945716027E-11 4.2848219944E-11 -2.6547283798E+00 9.6593100758E+01
20.00 9.2667072328E+01 -1.3281497661E+00 -3.8309284218E-11 4.8048334910E-11 -1.3281497661E+00 9.2667072328E+01 5.7902529178E-11 -4.3359302906E-11 -3.6009371893E-11 -5.6022145610E-11 9.2613876239E+01 2.8446862593E+00 4.8560177225E-11 4.4415911185E-11 -2.8446862593E+00 9.2613876239E+01
21.00 8.8654795770E+01 -1.3731558411E+00 -3.8945941605E-11 4.9492693486E-11 -1.3731558411E+00 8.8654795770E+01 5.8055432238E-11 -4.4708877951E-11 -3.6362303720E-11 -5.5924708848E-11 8.8592452015E+01 3.0273258868E+00 5.0077098202E-11 4.5884242834E-11 -3.0273258868E+00 8.8592452015E+01
22.00 8.4619076012E+01 -1.4069384560E+00 -3.9429775765E-11 5.0827453999E-11 -1.4069384560E+00 8.4619076012E+01 5.8034882164E-11 -4.5953072546E-11 -3.6548285591E-11 -5.5639312504E-11 8.4546804761E+01 3.2009926846E+00 5.1489939279E-11 4.7253074586E-11 -3.2009926846E+00 8.4546804761E+01
23.00 8.0577424585E+01 -1.4287552243E+00 -3.9755708940E-11 5.2053986626E-11 -1.4287552243E+00 8.0577424585E+01 5.7845387070E-11 -4.7085389849E-11 -3.6563245039E-11 -5.5171699340E-11 8.0494488188E+01 3.3641317733E+00 5.2799966247E-11 4.8515767960E-11 -3.3641317733E+00 8.0494488188E+01
24.00 7.6546800901E+01 -1.4380271804E+00 -3.9925944799E-11 5.3167062482E-11 -1.4380271804E+00 7.6546800901E+01 5.7485329882E-11 -4.8105367649E-11 -3.6410895437E-11 -5.4521330702E-11 7.6452517668E+01 3.5153019993E+00 5.4001975861E-11 4.9671552715E-11 -3.5153019993E+00 7.6452517668E+01
25.00 7.2543505095E+01 -1.4343460064E+00 -3.9939228739E-11 5.4166233441E-11 -1.4343460064E+00 7.2543505095E+01 5.6958296001E-11 -4.9009767515E-11 -3.6091367385E-11 -5.3693209407E-11 7.2437262488E+01 3.6531885071E+00 5.5095401162E-11 5.0716972014E-11 -3.6531885071E+00 7.2437262488E+01
26.00 6.8583079622E+01 -1.4174786400E+00 -3.9797764021E-11 5.5045705126E-11 -1.4174786400E+00 6.8583079622E+01 5.6265985260E-11 -4.9800579096E-11 -3.5608698348E-11 -5.2690281849E-11 6.8464346585E+01 3.7766137382E+00 5.6074339583E-11 5.1653772931E-11 -3.7766137382E+00 6.8464346585E+01
27.00 6.4680220338E+01 -1.3873692293E+00 -3.9503063068E-11 5.5805777792E-11 -1.3873692293E+00 6.4680220338E+01 5.5411788843E-11 -5.0473945757E-11 -3.4966047327E-11 -5.1517633312E-11 6.4548558513E+01 3.8845467581E+00 5.6939013588E-11 5.2477784903E-11 -3.8845467581E+00 6.4548558513E+01
28.00 6.0848697688E+01 -1.3441384465E+00 -3.9057971687E-11 5.6446328449E-11 -1.3441384465E+00 6.0848697688E+01 5.4399157626E-11 -5.1028370524E-11 -3.4168026142E-11 -5.0180416712E-11 6.0703771257E+01 3.9761108385E+00 5.7689203937E-11 5.3187158611E-11 -3.9761108385E+00 6.0703771257E+01
29.00 5.7101288435E+01 -1.2880802112E+00 -3.8466152997E-11 5.6964013998E-11 -1.2880802112E+00 5.7101288435E+01 5.3232439835E-11 -5.1464999898E-11 -3.3220366629E-11 -4.8684609988E-11 5.6942872400E+01 4.0505892419E+00 5.8321427520E-11 5.3782761787E-11 -4.0505892419E+00 5.6942872400E+01
30.00 5.3449718316E+01 -1.2196559178E+00 -3.7729148731E-11 5.7360122084E-11 -1.2196559178E+00 5.3449718316E+01 5.1918754634E-11 -5.1781725087E-11 -3.2126418434E-11 -4.7039333958E-11 5.3277705028E+01 4.1074291802E+00 5.8836683514E-11 5.4262279858E-11 -4.1074291802E+00 5.3277705028E+01
31.00 4.9904615804E+01 -1.1394862984E+00 -3.6856270927E-11 5.7632138760E-11 -1.1394862984E+00 4.9904615804E+01 5.0458822427E-11 -5.1980851832E-11 -3.0897793274E-11 -4.5246922375E-11 4.9719019607E+01 4.1462439429E+00 5.9232625378E-11 5.4627347978E-11 -4.1462439429E+00 4.9719019607E+01
32.00 4.6475477089E+01 -1.0483410890E+00 -3.5847016314E-11 5.7781363871E-11 -1.0483410890E+00 4.6475477089E+01 4.8864793530E-11 -5.2061144267E-11 -2.9535837553E-11 -4.3321682066E-11 4.6276436977E+01 4.1668132119E+00 5.9509960449E-11 5.4876854459E-11 -4.1668132119E+00 4.6276436977E+01
33.00 4.3170642217E+01 -9.4712669645E-01 -3.4711777027E-11 5.7807660266E-11 -9.4712669645E-01 4.3170642217E+01 4.7138506583E-11 -5.2023938745E-11 -2.8053161747E-11 -4.1267255790E-11 4.2958422446E+01 4.1690816022E+00 5.9668775809E-11 5.5011382875E-11 -4.1690816022E+00 4.2958422446E+01
34.00 3.9997282245E+01 -8.3687209590E-01 -3.3451986094E-11 5.7712079712E-11 -8.3687209590E-01 3.9997282245E+01 4.5291954445E-11 -5.1869910936E-11 -2.6453158056E-11 -3.9097710603E-11 3.9772270888E+01 4.1531554882E+00 5.9709488185E-11 5.5031725902E-11 -4.1531554882E+00 3.9772270888E+01
35.00 3.6961397116E+01 -7.1871320644E-01 -3.2077635348E-11 5.7494977838E-11 -7.1871320644E-01 3.6961397116E+01 4.3329686700E-11 -5.1600990071E-11 -2.4748004109E-11 -3.6819421954E-11 3.6724102582E+01 4.1192981977E+00 5.9632575060E-11 5.4939190406E-11 -4.1192981977E+00 3.6724102582E+01
36.00 3.4067823897E+01 -5.9387601623E-01 -3.0596917588E-11 5.7158550338E-11 -5.9387601623E-01 3.4067823897E+01 4.1258617060E-11 -5.1218257457E-11 -2.2947831703E-11 -3.4441285727E-11 3.3818869487E+01 4.0679236684E+00 5.9440193910E-11 5.4734354893E-11 -4.0679236684E+00 3.3818869487E+01
37.00 3.1320254873E+01 -4.6365873922E-01 -2.9013590091E-11 5.6703878697E-11 -4.6365873922E-01 3.1320254873E+01 3.9091206547E-11 -5.0724098873E-11 -2.1058384839E-11 -3.1977644014E-11 3.1060371476E+01 3.9995886845E+00 5.9132780832E-11 5.4419757357E-11 -3.9995886845E+00 3.1060371476E+01
38.00 2.8721264945E+01 -3.2941329582E-01 -2.7337228861E-11 5.6133218776E-11 -3.2941329582E-01 2.8721264945E+01 3.6834424770E-11 -5.0120723919E-11 -1.9091134548E-11 -2.9437279735E-11 2.8451282021E+01 3.9149838186E+00 5.8712577432E-11 5.3997075950E-11 -3.9149838186E+00 2.8451282021E+01
39.00 2.6272347671E+01 -1.9252641296E-01 -2.5576873532E-11 5.5449117771E-11 -1.9252641296E-01 2.6272347671E+01 3.4497210562E-11 -4.9410579753E-11 -1.7056890664E-11 -2.6830903550E-11 2.5993182694E+01 3.8149232236E+00 5.8182039676E-11 5.3468417609E-11 -3.8149232236E+00 2.5993182694E+01
40.00 2.3973959233E+01 -5.4400638051E-02 -2.3738380437E-11 5.4653656546E-11 -5.4400638051E-02 2.3973959233E+01 3.2090974017E-11 -4.8597373578E-11 -1.4963317538E-11 -2.4171466466E-11 2.3686605802E+01 3.7003334223E+00 5.7542650104E-11 5.2837487772E-11 -3.7003334223E+00 2.3686605802E+01
41.00 2.1825569554E+01 8.3564445098E-02 -2.1833618310E-11 5.3750250434E-11 8.3564445098E-02 2.1825569554E+01 2.9622783268E-11 -4.7683394428E-11 -1.2823791645E-11 -2.1467740853E-11 2.1531084408E+01 3.5722412556E+00 5.6798074831E-11 5.2105912542E-11 -3.5722412556E+00 2.1531084408E+01
42.00 1.9825719751E+01 2.1999052082E-01 -1.9869814849E-11 5.2741199140E-11 2.1999052082E-01 1.9825719751E+01 2.7103975948E-11 -4.6673486615E-11 -1.0647180180E-11 -1.8732273935E-11 1.9525208915E+01 3.4317611526E+00 5.5950158697E-11 5.1278463837E-11 -3.4317611526E+00 1.9525208915E+01
43.00 1.7972085047E+01 3.5353810429E-01 -1.7855044413E-11 5.1632848780E-11 3.5353810429E-01 1.7972085047E+01 2.4545815052E-11 -4.5568685567E-11 -8.4424485672E-12 -1.5978056910E-11 1.7666689405E+01 3.2800818907E+00 5.5004767254E-11 5.0356226154E-11 -3.2800818907E+00 1.7666689405E+01
44.00 1.6261542294E+01 4.8292311889E-01 -1.5800897539E-11 5.0425808713E-11 4.8292311889E-01 1.6261542294E+01 2.1955974762E-11 -4.4375792508E-11 -6.2228538486E-12 -1.3213527050E-11 1.5952422820E+01 3.1184530133E+00 5.3962786985E-11 4.9345255427E-11 -3.1184530133E+00 1.5952422820E+01
45.00 1.4690241190E+01 6.0693226741E-01 -1.3716420871E-11 4.9126294289E-11 6.0693226741E-01 1.4690241190E+01 1.9344625159E-11 -4.3097250689E-11 -3.9980487078E-12 -1.0450230777E-11 1.4378564141E+01 2.9481710728E+00 5.2830112106E-11 4.8247822362E-11 -2.9481710728E+00 1.4378564141E+01
46.00 1.3253678319E+01 7.2443700151E-01 -1.1609581603E-11 4.7737248274E-11 7.2443700151E-01 1.3253678319E+01 1.6723364152E-11 -4.1738894916E-11 -1.7771791302E-12 -7.7003131756E-12 1.2940600636E+01 2.7705658607E+00 5.1609283289E-11 4.7069742551E-11 -2.7705658607E+00 1.2940600636E+01
47.00 1.1946773127E+01 8.3440592188E-01 -9.4893912952E-12 4.6264502327E-11 8.3440592188E-01 1.1946773127E+01 1.4102585405E-11 -4.0304032782E-11 4.3026254855E-13 -4.9751009658E-12 1.1633428312E+01 2.5869867845E+00 5.0305751457E-11 4.5814270449E-11 -2.5869867845E+00 1.1633428312E+01
48.00 1.0763944985E+01 9.3591547133E-01 -7.3662382582E-12 4.4711927907E-11 9.3591547133E-01 1.0763944985E+01 1.1490909458E-11 -3.8798589153E-11 2.6133069355E-12 -2.2836374694E-12 1.0451429692E+01 2.3987895399E+00 4.8923465375E-11 4.4486777750E-11 -2.3987895399E+00 1.0451429692E+01
49.00 9.6991904995E+00 1.0281588143E+00 -5.2486206153E-12 4.3085646149E-11 1.0281588143E+00 9.6991904995E+00 8.8987719932E-12 -3.7226392912E-11 4.7633149212E-12 3.6307581076E-13 9.3885520716E+00 2.2073232198E+00 4.7468060545E-11 4.3091132111E-11 -2.2073232198E+00 9.3885520716E+00
50.00 8.7461602923E+00 1.1104528279E+00 -3.1459583164E-12 4.1390264039E-11 1.1104528279E+00 8.7461602923E+00 6.3353975332E-12 -3.5593174375E-11 6.8706629623E-12 2.9556690265E-12 8.4383854322E+00 2.0139179905E+00 4.5944034713E-11 4.1632735544E-11 -2.0139179905E+00 8.4383854322E+00
51.00 7.8982344984E+00 1.1822431623E+00 -1.0673657723E-12 3.9631001096E-11 1.1822431623E+00 7.8982344984E+00 3.8098516079E-12 -3.3904390076E-11 8.9263221792E-12 5.4850053084E-12 7.5942392583E+00 1.8198734530E+00 4.4356437185E-11 4.0116761862E-11 -1.8198734530E+00 7.5942392583E+00
52.00 7.1485962931E+00 1.2431073592E+00 9.8014732704E-13 3.7813758530E-11 1.2431073592E+00 7.1485962931E+00 1.3326739277E-12 -3.2165239314E-11 1.0923364993E-11 7.9408910504E-12 6.8492175194E+00 1.6264477942E+00 4.2710551392E-11 3.8548553401E-11 -1.6264477942E+00 6.8492175194E+00
53.00 6.4903028116E+00 1.2927560486E+00 2.9864015964E-12 3.5943716647E-11 1.2927560486E+00 6.4903028116E+00 -1.0890604164E-12 -3.0381560622E-11 1.2852223538E-11 1.0316289252E-11 6.1962911586E+00 1.4348478188E+00 4.1011721377E-11 3.6933332286E-11 -1.4348478188E+00 6.1962911586E+00
54.00 5.9163528904E+00 1.3310322738E+00 4.9441377974E-12 3.4027214852E-11 1.3310322738E+00 5.9163528904E+00 -3.4463746993E-12 -2.8558490854E-11 1.4706263443E-11 1.2602719386E-11 5.6283674787E+00 1.2462199386E+00 3.9265745542E-11 3.5276245135E-11 -1.2462199386E+00 5.6283674787E+00
55.00 5.4197511217E+00 1.3579090204E+00 6.8463172703E-12 3.2069687156E-11 1.3579090204E+00 5.4197511217E+00 -5.7305056726E-12 -2.6702108040E-11 1.6478966723E-11 1.4792265820E-11 5.1383558846E+00 1.0616421791E+00 3.7477744729E-11 3.3583194319E-11 -1.0616421791E+00 5.1383558846E+00
56.00 4.9935677817E+00 1.3734850538E+00 8.6852427671E-12 3.0077359346E-11 1.3734850538E+00 4.9935677817E+00 -7.9341225991E-12 -2.4817798179E-11 1.8163652131E-11 1.6878244532E-11 4.7192295086E+00 8.8211725030E-01 3.5653645639E-11 3.1859346953E-11 -8.8211725030E-01 4.7192295086E+00
57.00 4.6309942636E+00 1.3779791890E+00 1.0453371020E-11 2.8055816305E-11 1.3779791890E+00 4.6309942636E+00 -1.0050775587E-11 -2.2911733262E-11 1.9753990040E-11 1.8855020250E-11 4.3640823138E+00 7.0856671017E-01 3.3798903331E-11 3.0110430370E-11 -7.0856671017E-01 4.3640823138E+00
58.00 4.3253937129E+00 1.3717231380E+00 1.2144343670E-11 2.6011923935E-11 1.3717231380E+00 4.3253937129E+00 -1.2073610548E-11 -2.0988826630E-11 2.1244919025E-11 2.0716711565E-11 4.0661813452E+00 5.4182623856E-01 3.1919780698E-11 2.8341391834E-11 -5.4182623856E-01 4.0661813452E+00
59.00 4.0703466364E+00 1.3551530974E+00 1.3753249705E-11 2.3950990464E-11 1.3551530974E+00 4.0703466364E+00 -1.3995270929E-11 -1.9055429440E-11 2.2632448952E-11 2.2457540649E-11 3.8190138659E+00 3.8264201984E-01 3.0021292341E-11 2.6558233850E-11 -3.8264201984E-01 3.8190138659E+00
60.00 3.8596913200E+00 1.3288002517E+00 1.5272694695E-11 2.1878908255E-11 1.3288002517E+00 3.8596913200E+00 -1.5811892647E-11 -1.7117441344E-11 2.3911190632E-11 2.4074405067E-11 3.6163291901E+00 2.3166822239E-01 2.8109174878E-11 2.4766402403E-11 -2.3166822239E-01 3.6163291901E+00
61.00 3.6875589602E+00 1.2932803771E+00 1.6698861295E-11 1.9802123848E-11 1.2932803771E+00 3.6875589602E+00 -1.7517024599E-11 -1.5179967089E-11 2.5078534770E-11 2.5562573509E-11 3.4521750922E+00 8.9465547951E-02 2.6189224335E-11 2.2970953121E-11 -8.9465547951E-02 3.4521750922E+00
62.00 3.5484034751E+00 1.2492827384E+00 1.8026679807E-11 1.7726293094E-11 1.2492827384E+00 3.5484034751E+00 -1.9106579162E-11 -1.3248844230E-11 2.6131204259E-11 2.6919299608E-11 3.3209287379E+00 -4.3499187623E-02 2.4266789484E-11 2.1177318184E-11 4.3499187623E-02 3.3209287379E+00
63.00 3.4370260221E+00 1.1975584757E+00 1.9252762978E-11 1.5657681074E-11 1.1975584757E+00 3.4370260221E+00 -2.0575867643E-11 -1.1329167797E-11 2.7067323128E-11 2.8141653993E-11 3.2173221504E+00 -1.6685249201E-01 2.2347606230E-11 1.9390392192E-11 1.6685249201E-01 3.2173221504E+00
64.00 3.3485943058E+00 1.1389086740E+00 2.0372270553E-11 1.3601056298E-11 1.1389086740E+00 3.3485943058E+00 -2.1922770062E-11 -9.4272797500E-12 2.7884269606E-11 2.9228680046E-11 3.1364622811E+00 -2.8031271200E-01 2.0436255833E-11 1.7615919435E-11 2.8031271200E-01 3.1364622811E+00
65.00 3.2786568107E+00 1.0741723104E+00 2.1383486652E-11 1.1562617035E-11 1.0741723104E+00 3.2786568107E+00 -2.3143174501E-11 -7.5478128998E-12 2.8581765821E-11 3.0178299910E-11 3.0738458131E+00 -3.8368769522E-01 1.8538332770E-11 1.5858301466E-11 3.8368769522E-01 3.0738458131E+00
66.00 3.2231521408E+00 1.0042142633E+00 2.2283740878E-11 9.5488103884E-12 1.0042142633E+00 3.2231521408E+00 -2.4235016464E-11 -5.6948499062E-12 2.9158950963E-11 3.0990155612E-11 3.0253688772E+00 -4.7687167342E-01 1.6659520850E-11 1.4121500008E-11 4.7687167342E-01 3.0253688772E+00
67.00 3.1784136916E+00 9.2991356071E-01 2.3070757026E-11 7.5637390858E-12 9.2991356071E-01 3.1784136916E+00 -2.5197097516E-11 -3.8746531804E-12 2.9615642818E-11 3.1664502967E-11 2.9873319060E+00 -5.5984144864E-01 1.4803794883E-11 1.2411066678E-11 5.5984144864E-01 2.9873319060E+00
68.00 3.1411699150E+00 8.5215203324E-01 2.3743104844E-11 5.6123080833E-12 8.5215203324E-01 3.1411699150E+00 -2.6028367919E-11 -2.0921996213E-12 2.9952320801E-11 3.2201888099E-11 2.9564398919E+00 -6.3265196781E-01 1.2975565736E-11 1.0731516041E-11 6.3265196781E-01 2.9564398919E+00
69.00 3.1085404720E+00 7.7180352312E-01 2.4300517268E-11 3.6999435211E-12 7.7180352312E-01 3.1085404720E+00 -2.6727876055E-11 -3.5165071132E-13 3.0170369832E-11 3.2603190133E-11 2.9297983533E+00 -6.9543137458E-01 1.1179694727E-11 9.0866428447E-12 6.9543137458E-01 2.9297983533E+00
70.00 3.0780285915E+00 6.8972378446E-01 2.4742508514E-11 1.8320542101E-12 6.8972378446E-01 3.0780285915E+00 -2.7295932010E-11 1.3433871905E-12 3.0271029341E-11 3.2870424292E-11 2.9049053392E+00 -7.4837562875E-01 9.4208404622E-12 7.4797795764E-12 7.4837562875E-01 2.9049053392E+00
71.00 3.0475099779E+00 6.0674119351E-01 2.5069464636E-11 1.2314874163E-14 6.0674119351E-01 3.0475099779E+00 -2.7733237672E-11 2.9877772781E-12 3.0256568763E-11 3.3005697866E-11 2.8796398306E+00 -7.9174278363E-01 7.7024014914E-12 5.9153974043E-12 7.9174278363E-01 2.8796398306E+00
72.00 3.0152186234E+00 5.2364836850E-01 2.5282654013E-11 -1.7543974723E-12 5.2364836850E-01 3.0152186234E+00 -2.8040462380E-11 4.5783585956E-12 3.0129696872E-11 3.3011441305E-11 2.8522469120E+00 -8.2584701129E-01 6.0286429273E-12 4.3961694240E-12 8.2584701129E-01 2.8522469120E+00
73.00 2.9797298944E+00 4.4119477955E-01 2.5382375637E-11 -3.4646843444E-12 4.4119477955E-01 2.9797298944E+00 -2.8220477233E-11 6.1105957729E-12 2.9892646448E-11 3.2891543968E-11 2.8213201016E+00 -8.5105246271E-01 4.4023448099E-12 2.9262556735E-12 8.5105246271E-01 2.8213201016E+00
74.00 2.9399412647E+00 3.6008040918E-01 2.5371385207E-11 -5.1143276858E-12 3.6008040918E-01 2.9399412647E+00 -2.8274778295E-11 7.5817010678E-12 2.9549400617E-11 3.2649175197E-11 2.7857812353E+00 -8.6776704713E-01 2.8272683404E-12 1.5078546967E-12 8.6776704713E-01 2.7857812353E+00
75.00 2.8950510724E+00 2.8095050402E-01 2.5252009473E-11 -6.6995609452E-12 2.8095050402E-01 2.8950510724E+00 -2.8205969343E-11 8.9886582006E-12 2.9103568236E-11 3.2288216843E-11 2.7448583016E+00 -8.7643621019E-01 1.3066182305E-12 1.4342919474E-13 8.7643621019E-01 2.7448583016E+00
76.00 2.8445356718E+00 2.0439143844E-01 2.5026704463E-11 -8.2174777603E-12 2.0439143844E-01 2.8445356718E+00 -2.8018008773E-11 1.0328275366E-11 2.8559023581E-11 3.1813619557E-11 2.6980616224E+00 -8.7753678538E-01 -1.5727066029E-13 -1.1642092762E-12 8.7753678538E-01 2.6980616224E+00
77.00 2.7881253471E+00 1.3092769173E-01 2.4698750571E-11 -9.6653435212E-12 1.3092769173E-01 2.7881253471E+00 -2.7714410118E-11 1.1597759539E-11 2.7920195711E-11 3.1229877274E-11 2.6451587674E+00 -8.7157098731E-01 -1.5621839623E-12 -2.4128659373E-12 8.7157098731E-01 2.6451587674E+00
78.00 2.7257793438E+00 6.1019921902E-02 2.4271995876E-11 -1.1040133687E-11 6.1019921902E-02 2.7257793438E+00 -2.7299225682E-11 1.2795158549E-11 2.7191784898E-11 3.0542058060E-11 2.5861485787E+00 -8.5906060859E-01 -2.9056090241E-12 -3.6010954902E-12 8.5906060859E-01 2.5861485787E+00
79.00 2.6576603570E+00 -4.9358979502E-03 2.3750499946E-11 -1.2339735477E-11 -4.9358979502E-03 2.6576603570E+00 -2.6777087625E-11 1.3918325618E-11 2.6378755617E-11 2.9755513512E-11 2.5212346655E+00 -8.4054147516E-01 -4.1859206294E-12 -4.7272598205E-12 8.4054147516E-01 2.5212346655E+00
80.00 2.5841088034E+00 -6.6608330888E-02 2.3138724604E-11 -1.3561996186E-11 -6.6608330888E-02 2.5841088034E+00 -2.6153043302E-11 1.4965479541E-11 2.5486210562E-11 2.8875887876E-11 2.4507987132E+00 -8.1655820704E-01 -5.4014528612E-12 -5.7900480333E-12 8.1655820704E-01 2.4507987132E+00
81.00 2.5056171822E+00 -1.2372937929E-01 2.2441553765E-11 -1.4705130750E-11 -1.2372937929E-01 2.5056171822E+00 -2.5432216205E-11 1.5935400275E-11 2.4519535689E-11 2.7908853538E-11 2.3753739271E+00 -7.8765932415E-01 -6.5508465856E-12 -6.7887784467E-12 7.8765932415E-01 2.3753739271E+00
82.00 2.4228048079E+00 -1.7609251697E-01 2.1663926340E-11 -1.5767847323E-11 -1.7609251697E-01 2.4228048079E+00 -2.4620414131E-11 1.6826709499E-11 2.3484079756E-11 2.6860465434E-11 2.2956189087E+00 -7.5439272854E-01 -7.6332964527E-12 -7.7224895115E-12 7.5439272854E-01 2.2956189087E+00
83.00 2.3363931765E+00 -2.2354993807E-01 2.0811355657E-11 -1.6748956390E-11 -2.2354993807E-01 2.3363931765E+00 -2.3723578026E-11 1.7638731095E-11 2.2385518718E-11 2.5736890753E-11 2.2122922352E+00 -7.1730158678E-01 -8.6479723511E-12 -8.5909401706E-12 7.1730158678E-01 2.2122922352E+00
84.00 2.2471822016E+00 -2.6600911889E-01 1.9889490558E-11 -1.7647578797E-11 -2.6600911889E-01 2.2471822016E+00 -2.2747770876E-11 1.8370973567E-11 2.1229524041E-11 2.4544245259E-11 2.1262279884E+00 -6.7692062848E-01 -9.5943501060E-12 -9.3941017247E-12 6.7692062848E-01 2.1262279884E+00
85.00 2.1560275310E+00 -3.0342879611E-01 1.8904059266E-11 -1.8463156453E-11 -3.0342879611E-01 2.1560275310E+00 -2.1699529656E-11 1.9023231300E-11 2.0021674068E-11 2.3288977570E-11 2.0383124467E+00 -6.3377286922E-01 -1.0472233373E-11 -1.0132124236E-11 6.3377286922E-01 2.0383124467E+00
86.00 2.0638191280E+00 -3.3581446865E-01 1.7861102595E-11 -1.9195994689E-11 -3.3581446865E-01 2.0638191280E+00 -2.0585428506E-11 1.9595110358E-11 1.8767897462E-11 2.1977261831E-11 1.9494621289E+00 -5.8836675941E-01 -1.1282256839E-11 -1.0804919048E-11 5.8836675941E-01 1.9494621289E+00
87.00 1.9714612752E+00 -3.6321353360E-01 1.6767115815E-11 -1.9845577355E-11 -3.6321353360E-01 1.9714612752E+00 -1.9412025005E-11 2.0087489007E-11 1.7474073072E-11 2.0615409964E-11 1.8606033456E+00 -5.4119375346E-01 -1.2023992236E-11 -1.1413820881E-11 5.4119375346E-01 1.8606033456E+00
88.00 1.8798541335E+00 -3.8571016669E-01 1.5628166370E-11 -2.0412448008E-11 -3.8571016669E-01 1.8798541335E+00 -1.8186426035E-11 2.0500932756E-11 1.6145708097E-11 1.9210008812E-11 1.7726533885E+00 -4.9272628782E-01 -1.2698247668E-11 -1.1959584578E-11 4.9272628782E-01 1.7726533885E+00
89.00 1.7898769591E+00 -4.0342005633E-01 1.4450172783E-11 -2.0897935559E-11 -4.0342005633E-01 1.7898769591E+00 -1.6915836489E-11 2.0835500874E-11 1.4788166122E-11 1.7767462344E-11 1.6865034552E+00 -4.4341615069E-01 -1.3306799134E-11 -1.2442285120E-11 4.4341615069E-01 1.6865034552E+00
90.00 1.7023730595E+00 -4.1648509719E-01 1.3240505919E-11 -2.1302137967E-11 -4.1648509719E-01 1.7023730595E+00 -1.5606548752E-11 2.1093327719E-11 1.3407820921E-11 1.6293428062E-11 1.6030033827E+00 -3.9369322125E-01 -1.3849353763E-11 -1.2864650122E-11 3.9369322125E-01 1.6030033827E+00
91.00 1.6181365418E+00 -4.2506814384E-01 1.2005159766E-11 -2.1626756068E-11 -4.2506814384E-01 1.6181365418E+00 -1.4266016154E-11 2.1275246840E-11 1.2009768138E-11 1.4794403570E-11 1.5229482355E+00 -3.4396455220E-01 -1.4327919730E-11 -1.3227408799E-11 3.4396455220E-01 1.5229482355E+00
92.00 1.5379008847E+00 -4.2934791870E-01 1.0750702636E-11 -2.1873028644E-11 -4.2934791870E-01 1.5379008847E+00 -1.2901104578E-11 2.1383119056E-11 1.0599460288E-11 1.3276320272E-11 1.4470667659E+00 -2.9461376570E-01 -1.4743622087E-11 -1.3532611032E-11 2.9461376570E-01 1.4470667659E+00
93.00 1.4623293397E+00 -4.2951416049E-01 9.4834051609E-12 -2.2043065828E-11 -4.2951416049E-01 1.4623293397E+00 -1.1518832386E-11 2.1418447870E-11 9.1820693570E-12 1.1745079030E-11 1.3760117457E+00 -2.4600073014E-01 -1.5098635269E-11 -1.3781654015E-11 2.4600073014E-01 1.3760117457E+00
94.00 1.3920071496E+00 -4.2576309020E-01 8.2097282825E-12 -2.2138393060E-11 -4.2576309020E-01 1.3920071496E+00 -1.0126003332E-11 2.1383605233E-11 7.7627089441E-12 1.0206396727E-11 1.3103521416E+00 -1.9846148324E-01 -1.5394222823E-11 -1.3977039844E-11 1.9846148324E-01 1.3103521416E+00
95.00 1.3274355494E+00 -4.1829326162E-01 6.9358145989E-12 -2.2161282433E-11 -4.1829326162E-01 1.3274355494E+00 -8.7294341785E-12 2.1280882316E-11 6.3461917681E-12 8.6659049130E-12 1.2505670901E+00 -1.5230836559E-01 -1.5632465068E-11 -1.4120949548E-11 1.5230836559E-01 1.2505670901E+00
96.00 1.2690274980E+00 -4.0730185244E-01 5.6679026548E-12 -2.2114317771E-11 -4.0730185244E-01 1.2690274980E+00 -7.3356369534E-12 2.1112474043E-11 4.9374426456E-12 7.1287644641E-12 1.1970416083E+00 -1.0783032848E-01 -1.5815758927E-11 -1.4215387657E-11 1.0783032848E-01 1.1970416083E+00
97.00 1.2171050709E+00 -3.9298144097E-01 4.4119710221E-12 -2.2000065567E-11 -3.9298144097E-01 1.2171050709E+00 -5.9509351728E-12 2.0880926002E-11 3.5410369105E-12 5.5999935297E-12 1.1500639614E+00 -6.5293379751E-02 -1.5946390219E-11 -1.4262703207E-11 6.5293379751E-02 1.1500639614E+00
98.00 1.1718984324E+00 -3.7551730142E-01 3.1736884435E-12 -2.1821194699E-11 -3.7551730142E-01 1.1718984324E+00 -4.5816826703E-12 2.0589189576E-11 2.1611173706E-12 4.0846926037E-12 1.1098245952E+00 -2.4941132599E-02 -1.6026610254E-11 -1.4265611025E-11 2.4941132599E-02 1.1098245952E+00
99.00 1.1335462889E+00 -3.5508523923E-01 1.9586568167E-12 -2.1580763001E-11 -3.5508523923E-01 1.1335462889E+00 -3.2337742699E-12 2.0240059060E-11 8.0184659533E-13 2.5874115762E-12 1.0764165286E+00 1.3004576361E-02 -1.6059094983E-11 -1.4226538916E-11 -1.3004576361E-02 1.0764165286E+00
100.00 1.1020977174E+00 -3.3184997639E-01 7.7184538459E-13 -2.1281159005E-11 -3.3184997639E-01 1.1020977174E+00 -1.9133802094E-12 1.9837122607E-11 -5.3341150614E-13 1.1131167889E-12 1.0498370936E+00 4.8343031423E-02 -1.6045519317E-11 -1.4148963646E-11 -4.8343031423E-02 1.0498370936E+00
101.00 1.0775152511E+00 -3.0596408518E-01 -3.8080087128E-13 -2.0926415607E-11 -3.0596408518E-01 1.0775152511E+00 -6.2499420251E-13 1.9382753699E-11 -1.8398386744E-12 -3.3529461705E-13 1.0299909029E+00 8.0893973462E-02 -1.5989727246E-11 -1.4034451913E-11 -8.0893973462E-02 1.0299909029E+00
102.00 1.0596790996E+00 -2.7756745831E-01 -1.4957778891E-12 -2.0519333406E-11 -2.7756745831E-01 1.0596790996E+00 6.2485618274E-13 1.8880713885E-11 -3.1157872710E-12 -1.7521414564E-12 1.0166939184E+00 1.1049695293E-01 -1.5893625104E-11 -1.3886571095E-11 -1.1049695293E-01 1.0166939184E+00
103.00 1.0483923722E+00 -2.4678729303E-01 -2.5677031594E-12 -2.0063384574E-11 -2.4678729303E-01 1.0483923722E+00 1.8322208827E-12 1.8334182896E-11 -4.3569358716E-12 -3.1349877652E-12 1.0096784933E+00 1.3701072273E-01 -1.5760174306E-11 -1.3707831039E-11 -1.3701072273E-01 1.0096784933E+00
104.00 1.0433871721E+00 -2.1373855806E-01 -3.5925781242E-12 -1.9562106680E-11 -2.1373855806E-01 1.0433871721E+00 2.9923622720E-12 1.7746554412E-11 -5.5606765465E-12 -4.4801789540E-12 1.0085992570E+00 1.6031268977E-01 -1.5592199871E-11 -1.3501022448E-11 -1.6031268977E-01 1.0085992570E+00
105.00 1.0443314257E+00 -1.7852490337E-01 -4.5665974604E-12 -1.9018960340E-11 -1.7852490337E-01 1.0443314257E+00 4.1010732815E-12 1.7121264943E-11 -6.7244397832E-12 -5.7845692933E-12 1.0130397119E+00 1.8029844022E-01 -1.5392407236E-11 -1.3268944930E-11 -1.8029844022E-01 1.0130397119E+00
106.00 1.0508363100E+00 -1.4123996610E-01 -5.4863817369E-12 -1.8437457217E-11 -1.4123996610E-01 1.0508363100E+00 5.1543522226E-12 1.6461891462E-11 -7.8460051834E-12 -7.0451458998E-12 1.0225194163E+00 1.9688134916E-01 -1.5163467982E-11 -1.3014510439E-11 -1.9688134916E-01 1.0225194163E+00
107.00 1.0624641440E+00 -1.0196901985E-01 -6.3483452601E-12 -1.7821095825E-11 -1.0196901985E-01 1.0624641440E+00 6.1491774934E-12 1.5772016149E-11 -8.9227618016E-12 -8.2598447141E-12 1.0365016247E+00 2.0999228162E-01 -1.4908136000E-11 -1.2740451159E-11 -2.0999228162E-01 1.0365016247E+00
108.00 1.0787366105E+00 -6.0790909473E-02 -7.1503733847E-12 -1.7174075375E-11 -6.0790909473E-02 1.0787366105E+00 7.0817204007E-12 1.5054573541E-11 -9.9537323203E-12 -9.4254264323E-12 1.0544012675E+00 2.1957938744E-01 -1.4629618411E-11 -1.2449020137E-11 -2.1957938744E-01 1.0544012675E+00
109.00 1.0991431796E+00 -1.7780210436E-02 -7.8896219693E-12 -1.6499014122E-11 -1.7780210436E-02 1.0991431796E+00 7.9496742085E-12 1.4314044246E-11 -1.0936628285E-11 -1.0540503308E-11 1.0755931521E+00 2.2560798872E-01 -1.4329657439E-11 -1.2143817005E-11 -2.2560798872E-01 1.0755931521E+00
110.00 1.1231496102E+00 2.6990450726E-02 -8.5640216197E-12 -1.5800447881E-11 2.6990450726E-02 1.1231496102E+00 8.7507762374E-12 1.3552917118E-11 -1.1870272233E-11 -1.1603129727E-11 1.0994202772E+00 2.2806055466E-01 -1.4011862134E-11 -1.1826413298E-11 -2.2806055466E-01 1.0994202772E+00
111.00 1.1502064109E+00 7.3447979274E-02 -9.1720049894E-12 -1.5081122012E-11 7.3447979274E-02 1.1502064109E+00 9.4828850911E-12 1.2775433526E-11 -1.2753473440E-11 -1.2611732027E-11 1.1252021556E+00 2.2693675515E-01 -1.3677987588E-11 -1.1500153881E-11 -2.2693675515E-01 1.1252021556E+00
112.00 1.1797571493E+00 1.2151636251E-01 -9.7123043938E-12 -1.4345037347E-11 1.2151636251E-01 1.1797571493E+00 1.0144473143E-11 1.1984466991E-11 -1.3585452137E-11 -1.3564947780E-11 1.1522430520E+00 2.2225358079E-01 -1.3331001470E-11 -1.1166966147E-11 -2.2225358079E-01 1.1522430520E+00
113.00 1.2112465075E+00 1.7111425017E-01 -1.0183901027E-11 -1.3595763280E-11 1.7111425017E-01 1.2112465075E+00 1.0734350630E-11 1.1183241912E-11 -1.4365438770E-11 -1.4461689409E-11 1.1798400455E+00 2.1404551469E-01 -1.2973432431E-11 -1.0829122001E-11 -2.1404551469E-01 1.1798400455E+00
114.00 1.2441279869E+00 2.2215262502E-01 -1.0586025212E-11 -1.2836116065E-11 2.2215262502E-01 1.2441279869E+00 1.1252017642E-11 1.0375542149E-11 -1.5092699467E-11 -1.5301467940E-11 1.2072908397E+00 2.0236473820E-01 -1.2607148573E-11 -1.0489271744E-11 -2.0236473820E-01 1.2072908397E+00
115.00 1.2778711790E+00 2.7453262041E-01 -1.0918951191E-11 -1.2069763458E-11 2.7453262041E-01 1.2778711790E+00 1.1696622800E-11 9.5641292024E-12 -1.5767417063E-11 -1.6083257181E-11 1.2339012464E+00 1.8728135126E-01 -1.2234629945E-11 -1.0149252016E-11 -1.8728135126E-01 1.2339012464E+00
116.00 1.3119685252E+00 3.2814353684E-01 -1.1182413676E-11 -1.1300049458E-11 3.2814353684E-01 1.3119685252E+00 1.2068481329E-11 8.7519075501E-12 -1.6389153327E-11 -1.6806937580E-11 1.2589922815E+00 1.6888358585E-01 -1.1858160178E-11 -9.8109017290E-12 -1.6888358585E-01 1.2589922815E+00
117.00 1.3459414989E+00 3.8286110432E-01 -1.1377102596E-11 -1.0529833218E-11 3.8286110432E-01 1.3459414989E+00 1.2367842896E-11 7.9420522514E-12 -1.6958145119E-11 -1.7472323870E-11 1.2819068168E+00 1.4727799044E-01 -1.1479524621E-11 -9.4762835949E-12 -1.4727799044E-01 1.2819068168E+00
118.00 1.3793461546E+00 4.3854603170E-01 -1.1504149015E-11 -9.7617172333E-12 4.3854603170E-01 1.3793461546E+00 1.2595048193E-11 7.1377914999E-12 -1.7474824723E-11 -1.8079207098E-11 1.3020157417E+00 1.2258956241E-01 -1.1100331346E-11 -9.1474512522E-12 -1.2258956241E-01 1.3020157417E+00
119.00 1.4117779978E+00 4.9504287704E-01 -1.1564081495E-11 -8.9989291247E-12 4.9504287704E-01 1.4117779978E+00 1.2751867590E-11 6.3414450880E-12 -1.7939226303E-11 -1.8628332492E-11 1.3187235952E+00 9.4961805379E-02 -1.0722668570E-11 -8.8256465354E-12 -9.4961805379E-02 1.3187235952E+00
120.00 1.4428761403E+00 5.5217926680E-01 -1.1559049723E-11 -8.2444956141E-12 5.5217926680E-01 1.4428761403E+00 1.2838990589E-11 5.5552589784E-12 -1.8352413428E-11 -1.9119609818E-11 1.3314736375E+00 6.4556689069E-02 -1.0348318888E-11 -8.5121410975E-12 -6.4556689069E-02 1.3314736375E+00
121.00 1.4723267149E+00 6.0976548403E-01 -1.1490568557E-11 -7.5007746240E-12 6.0976548403E-01 1.4723267149E+00 1.2858422793E-11 4.7819414340E-12 -1.8714925019E-11 -1.9553886192E-11 1.3397523368E+00 3.1554489975E-02 -9.9786456146E-12 -8.2084429961E-12 -3.1554489975E-02 1.3397523368E+00
122.00 1.4998655342E+00 6.6759443860E-01 -1.1360737343E-11 -6.7700896082E-12 6.6759443860E-01 1.4998655342E+00 1.2812142041E-11 4.0238585523E-12 -1.9027650725E-11 -1.9931905143E-11 1.3430932546E+00 -3.8465071781E-03 -9.6149091722E-12 -7.9157490426E-12 3.8465071781E-03 1.3430932546E+00
123.00 1.5252799870E+00 7.2544202500E-01 -1.1171548641E-11 -6.0546284699E-12 7.2544202500E-01 1.5252799870E+00 1.2702760386E-11 3.2832796419E-12 -1.9291373518E-11 -2.0254751579E-11 1.3410803196E+00 -4.1430465414E-02 -9.2582696709E-12 -7.6351627135E-12 4.1430465414E-02 1.3410803196E+00
124.00 1.5484101758E+00 7.8306786634E-01 -1.0926391365E-11 -5.3568493853E-12 7.8306786634E-01 1.5484101758E+00 1.2532125211E-11 2.5619012233E-12 -1.9507731846E-11 -2.0523095444E-11 1.3333504861E+00 -8.0964624744E-02 -8.9100194850E-12 -7.3673766691E-12 8.0964624744E-02 1.3333504861E+00
125.00 1.5691493071E+00 8.4021643584E-01 -1.0627450069E-11 -4.6787247650E-12 8.4021643584E-01 1.5691493071E+00 1.2303696080E-11 1.8615507162E-12 -1.9677571239E-11 -2.0738525213E-11 1.3195957791E+00 -1.2220011776E-01 -8.5710525395E-12 -7.1131196648E-12 1.2220011776E-01 1.3195957791E+00
126.00 1.5874433545E+00 8.9661854062E-01 -1.0278523500E-11 -4.0211377693E-12 8.9661854062E-01 1.5874433545E+00 1.2019730301E-11 1.1848673544E-12 -1.9802670766E-11 -2.0901852440E-11 1.2995647335E+00 -1.6487298157E-01 -8.2417039831E-12 -6.8734453840E-12 1.6487298157E-01 1.2995647335E+00
127.00 1.6032900229E+00 9.5199314663E-01 -9.8818360029E-12 -3.3873032321E-12 9.5199314663E-01 1.6032900229E+00 1.1684535305E-11 5.3184600959E-13 -1.9883841293E-11 -2.1015183414E-11 1.2730632403E+00 -2.0870537282E-01 -7.9234145045E-12 -6.6480393786E-12 2.0870537282E-01 1.2730632403E+00
128.00 1.6167370482E+00 1.0060495174E+00 -9.4419318281E-12 -2.7777876442E-12 1.0060495174E+00 1.6167370482E+00 1.1300409773E-11 -9.5156784006E-14 -1.9923196278E-11 -2.1079391341E-11 1.2399548175E+00 -2.5340698868E-01 -7.6163234340E-12 -6.4376648175E-12 2.5340698868E-01 1.2399548175E+00
129.00 1.6278798743E+00 1.0584896351E+00 -8.9609372850E-12 -2.1941317630E-12 1.0584896351E+00 1.6278798743E+00 1.0872416825E-11 -6.9521027609E-13 -1.9921623588E-11 -2.1096838325E-11 1.2001603269E+00 -2.9867669338E-01 -7.3207175159E-12 -6.2423999994E-12 2.9867669338E-01 1.2001603269E+00
130.00 1.6368587549E+00 1.1090108666E+00 -8.4444745457E-12 -1.6374909150E-12 1.1090108666E+00 1.6368587549E+00 1.0402407920E-11 -1.2672033706E-12 -1.9881652017E-11 -2.1068377065E-11 1.1536571630E+00 -3.4420434549E-01 -7.0370559925E-12 -6.0621035868E-12 3.4420434549E-01 1.1536571630E+00
131.00 1.6438553309E+00 1.1573088357E+00 -7.8951534826E-12 -1.1088290032E-12 1.1573088357E+00 1.6438553309E+00 9.8954091419E-12 -1.8101188965E-12 -1.9804362985E-11 -2.0996250246E-11 1.1004779429E+00 -3.8967281778E-01 -6.7653421427E-12 -5.8968487677E-12 3.8967281778E-01 1.1004779429E+00
132.00 1.6490887423E+00 1.2030804580E+00 -7.3169026352E-12 -6.0860436592E-13 1.2030804580E+00 1.6490887423E+00 9.3554660842E-12 -2.3227629074E-12 -1.9691650900E-11 -2.0882321003E-11 1.0407087308E+00 -4.3476019730E-01 -6.5054878241E-12 -5.7466221625E-12 4.3476019730E-01 1.0407087308E+00
133.00 1.6528113318E+00 1.2460270927E+00 -6.7138161792E-12 -1.3871957788E-13 1.2460270927E+00 1.6528113318E+00 8.7863986717E-12 -2.8057854107E-12 -1.9545082048E-11 -2.0728501160E-11 9.7448683068E-01 -4.7914214977E-01 -6.2577195401E-12 -5.6104534879E-12 4.7914214977E-01 9.7448683068E-01
134.00 1.6553040065E+00 1.2858577670E+00 -6.0904639421E-12 3.0141203744E-13 1.2858577670E+00 1.6553040065E+00 8.1918422116E-12 -3.2574910801E-12 -1.9366847637E-11 -2.0536444716E-11 9.0199818682E-01 -5.2249442875E-01 -6.0215988381E-12 -5.4883335440E-12 5.2249442875E-01 9.0199818682E-01
135.00 1.6568713192E+00 1.3222924235E+00 -5.4502474532E-12 7.1030252675E-13 1.3222924235E+00 1.6568713192E+00 7.5765475092E-12 -3.6786487731E-12 -1.9158336595E-11 -2.0308515686E-11 8.2347443062E-01 -5.6449550684E-01 -5.7969810148E-12 -5.3793905381E-12 5.6449550684E-01 8.2347443062E-01
136.00 1.6578363389E+00 1.3550651468E+00 -4.7977495220E-12 1.0888159688E-12 1.3550651468E+00 1.6578363389E+00 6.9441384509E-12 -4.0679142980E-12 -1.8921737694E-11 -2.0046379303E-11 7.3918961653E-01 -6.0482930284E-01 -5.5832140507E-12 -5.2831977255E-12 6.0482930284E-01 7.3918961653E-01
137.00 1.6585353760E+00 1.3839273206E+00 -4.1362986479E-12 1.4357312256E-12 1.3839273206E+00 1.6585353760E+00 6.2994250331E-12 -4.4262648421E-12 -1.8658421600E-11 -1.9752381494E-11 6.4945668933E-01 -6.4318797665E-01 -5.3799315995E-12 -5.1988529031E-12 6.4318797665E-01 6.4945668933E-01
138.00 1.6593126288E+00 1.4086506737E+00 -3.4704557212E-12 1.7523181927E-12 1.4086506737E+00 1.6593126288E+00 5.6459387245E-12 -4.7524775748E-12 -1.8370610204E-11 -1.9428154483E-11 5.5462372739E-01 -6.7927476072E-01 -5.1863403320E-12 -5.1256457068E-12 6.7927476072E-01 5.5462372739E-01
139.00 1.6605148199E+00 1.4290301706E+00 -2.8039096874E-12 2.0374319252E-12 1.4290301706E+00 1.6605148199E+00 4.9880160258E-12 -5.0479401875E-12 -1.8059773482E-11 -1.9076050003E-11 4.5507000630E-01 -7.1280679563E-01 -5.0020535315E-12 -5.0625329312E-12 7.1280679563E-01 4.5507000630E-01
140.00 1.6624858846E+00 1.4448867089E+00 -2.1402209629E-12 2.2917430558E-12 1.4448867089E+00 1.6624858846E+00 4.3298945120E-12 -5.3125153686E-12 -1.7727750553E-11 -1.8698028778E-11 3.5120192810E-01 -7.4351793557E-01 -4.8260759096E-12 -5.0085968270E-12 7.4351793557E-01 3.5120192810E-01
141.00 1.6655617769E+00 1.4560695872E+00 -1.4841841052E-12 2.5159141899E-12 1.4560695872E+00 1.6655617769E+00 3.6744347140E-12 -5.5462470005E-12 -1.7376487466E-11 -1.8295907360E-11 2.4344886095E-01 -7.7116148885E-01 -4.6578400551E-12 -4.9625864324E-12 7.7116148885E-01 2.4344886095E-01
142.00 1.6700654511E+00 1.4624587099E+00 -8.3858041493E-13 2.7098813054E-12 1.4624587099E+00 1.6700654511E+00 3.0263091297E-12 -5.7500493434E-12 -1.7007368838E-11 -1.7871796147E-11 1.3225893375E-01 -7.9551285809E-01 -4.4964199129E-12 -4.9236399025E-12 7.9551285809E-01 1.3225893375E-01
143.00 1.6763020785E+00 1.4639665024E+00 -2.0699703161E-13 2.8740496444E-12 1.4639665024E+00 1.6763020785E+00 2.3890629732E-12 -5.9246825025E-12 -1.6622149872E-11 -1.7427792902E-11 1.8094829407E-02 -8.1637204485E-01 -4.3408183502E-12 -4.8905092155E-12 8.1637204485E-01 1.8094829407E-02
144.00 1.6845545506E+00 1.4605395111E+00 4.0769056550E-13 3.0098543787E-12 1.4605395111E+00 1.6845545506E+00 1.7667324641E-12 -6.0699181845E-12 -1.6222597649E-11 -1.6965478894E-11 -9.8570380886E-02 -8.3356598447E-01 -4.1900380608E-12 -4.8622458507E-12 8.3356598447E-01 -9.8570380886E-02
145.00 1.6950793193E+00 1.4521596692E+00 1.0010646828E-12 3.1178821924E-12 1.4521596692E+00 1.6950793193E+00 1.1614673714E-12 -6.1865865505E-12 -1.5810235925E-11 -1.6486770285E-11 -2.1725732134E-01 -8.4695067753E-01 -4.0434958381E-12 -4.8372889013E-12 8.4695067753E-01 -2.1725732134E-01
146.00 1.7081026194E+00 1.4388452133E+00 1.5705455535E-12 3.1971769572E-12 1.4388452133E+00 1.7081026194E+00 5.7689414858E-13 -6.2772048421E-12 -1.5386100538E-11 -1.5994006725E-11 -3.3748427436E-01 -8.5641308676E-01 -3.8999583699E-12 -4.8146721156E-12 8.5641308676E-01 -3.3748427436E-01
147.00 1.7238171117E+00 1.4206512400E+00 2.1146662914E-12 3.2510164963E-12 1.4206512400E+00 1.7238171117E+00 1.7451896962E-14 -6.3401785570E-12 -1.4952445679E-11 -1.5488088118E-11 -4.5877098563E-01 -8.6187276987E-01 -3.7583776576E-12 -4.7934755400E-12 8.6187276987E-01 -4.5877098563E-01
148.00 1.7423789821E+00 1.3976698973E+00 2.6285754879E-12 3.2785820112E-12 1.3976698973E+00 1.7423789821E+00 -5.1632962903E-13 -6.3781083748E-12 -1.4509946782E-11 -1.4971503247E-11 -5.8064227745E-01 -8.6328322184E-01 -3.6181121139E-12 -4.7719739155E-12 8.6328322184E-01 -5.8064227745E-01
149.00 1.7639055265E+00 1.3700302090E+00 3.1108238275E-12 3.2816212101E-12 1.3700302090E+00 1.7639055265E+00 -1.0208010008E-12 -6.3910892629E-12 -1.4060148623E-11 -1.4445477128E-11 -7.0263143903E-01 -8.6063290302E-01 -3.4781088423E-12 -4.7492109840E-12 8.6063290302E-01 -7.0263143903E-01
150.00 1.7884732431E+00 1.3378975361E+00 3.5597080820E-12 3.2607520582E-12 1.3378975361E+00 1.7884732431E+00 -1.4930832681E-12 -6.3805029838E-12 -1.3604370503E-11 -1.3911632254E-11 -8.2428336586E-01 -8.5394593325E-01 -3.3372384765E-12 -4.7242603479E-12 8.5394593325E-01 -8.2428336586E-01
151.00 1.8161164503E+00 1.3014726812E+00 3.9729073109E-12 3.2173968729E-12 1.3014726812E+00 1.8161164503E+00 -1.9313497413E-12 -6.3469619333E-12 -1.3143832886E-11 -1.3371417062E-11 -9.4515742341E-01 -8.4328243549E-01 -3.1948133408E-12 -4.6958261718E-12 8.4328243549E-01 -9.4515742341E-01
152.00 1.8468264417E+00 1.2609906487E+00 4.3484101593E-12 3.1524398328E-12 1.2609906487E+00 1.8468264417E+00 -2.3338744668E-12 -6.2916275597E-12 -1.2679424332E-11 -1.2826288739E-11 -1.0648300145E+00 -8.2873851721E-01 -3.0500318294E-12 -4.6628116325E-12 8.2873851721E-01 -1.0648300145E+00
153.00 1.8805511826E+00 1.2167190744E+00 4.6851000542E-12 3.0661594327E-12 1.2167190744E+00 1.8805511826E+00 -2.6986205194E-12 -6.2163881087E-12 -1.2212132593E-11 -1.2277767648E-11 -1.1828968331E+00 -8.1044588142E-01 -2.9016859913E-12 -4.6245997957E-12 8.1044588142E-01 -1.1828968331E+00
154.00 1.9171955473E+00 1.1689563434E+00 4.9814163129E-12 2.9607851990E-12 1.1689563434E+00 1.9171955473E+00 -3.0243899789E-12 -6.1210966293E-12 -1.1743017251E-11 -1.1726816582E-11 -1.2989747920E+00 -7.8857106432E-01 -2.7494723865E-12 -4.5797190568E-12 7.8857106432E-01 -1.2989747920E+00
155.00 1.9566220904E+00 1.1180294177E+00 5.2363408371E-12 2.8370485602E-12 1.1180294177E+00 1.9566220904E+00 -3.3099907248E-12 -6.0072584351E-12 -1.1272845045E-11 -1.1174786701E-11 -1.4127036152E+00 -7.6331430062E-01 -2.5926172083E-12 -4.5274633280E-12 7.6331430062E-01 -1.4127036152E+00
156.00 1.9986523393E+00 1.0642913963E+00 5.4493639866E-12 2.6952952105E-12 1.0642913963E+00 1.9986523393E+00 -3.5541654642E-12 -5.8766697404E-12 -1.0802260969E-11 -1.0622765158E-11 -1.5237470904E+00 -7.3490802256E-01 -2.4300481993E-12 -4.4674368425E-12 7.3490802256E-01 -1.5237470904E+00
157.00 2.0430685883E+00 1.0081188350E+00 5.6199445152E-12 2.5381665036E-12 1.0081188350E+00 2.0430685883E+00 -3.7562489638E-12 -5.7288616688E-12 -1.0332323123E-11 -1.0071393168E-11 -1.6317939817E+00 -7.0361500299E-01 -2.2619546850E-12 -4.3981332983E-12 7.0361500299E-01 -1.6317939817E+00
158.00 2.0896161718E+00 9.4990885242E-01 5.7476583734E-12 2.3655101598E-12 9.4990885242E-01 2.0896161718E+00 -3.9159179607E-12 -5.5661538503E-12 -9.8632270279E-12 -9.5219336454E-12 -1.7365586058E+00 -6.6972615755E-01 -2.0872811031E-12 -4.3194949388E-12 6.6972615755E-01 -1.7365586058E+00
159.00 2.1380061856E+00 8.9007605284E-01 5.8321310532E-12 2.1784043963E-12 8.9007605284E-01 2.1380061856E+00 -4.0333166373E-12 -5.3894898358E-12 -9.3952410317E-12 -8.9753653313E-12 -1.8377810801E+00 -6.3355802518E-01 -1.9055956108E-12 -4.2308050410E-12 6.3355802518E-01 -1.8377810801E+00
160.00 2.1879186236E+00 8.2904929498E-01 5.8745617616E-12 1.9786155607E-12 8.2904929498E-01 2.1879186236E+00 -4.1075707592E-12 -5.1993934831E-12 -8.9295660506E-12 -8.4318089869E-12 -1.9352272545E+00 -5.9544995032E-01 -1.7168493605E-12 -4.1315558199E-12 5.9544995032E-01 -1.9352272545E+00
161.00 2.2390058902E+00 7.6726833854E-01 5.8745527040E-12 1.7668732938E-12 7.6726833854E-01 2.2390058902E+00 -4.1397287877E-12 -4.9970621769E-12 -8.4658711309E-12 -7.8923359380E-12 -2.0286883423E+00 -5.5576099428E-01 -1.5207492864E-12 -4.0212510449E-12 5.5576099428E-01 -2.0286883423E+00
162.00 2.2908966464E+00 7.0518039943E-01 5.8331349251E-12 1.5440559473E-12 7.0518039943E-01 2.2908966464E+00 -4.1299913095E-12 -4.7837312669E-12 -8.0045950633E-12 -7.3573407008E-12 -2.1179802706E+00 -5.1486660627E-01 -1.3169940537E-12 -3.8998582675E-12 5.1486660627E-01 -2.1179802706E+00
163.00 2.3431999431E+00 6.4323664531E-01 5.7513805058E-12 1.3113417629E-12 6.4323664531E-01 2.3431999431E+00 -4.0790475044E-12 -4.5600915539E-12 -7.5460569020E-12 -6.8271762765E-12 -2.2029427713E+00 -4.7315508832E-01 -1.1055660408E-12 -3.7669594780E-12 4.7315508832E-01 -2.2029427713E+00
164.00 2.3955095922E+00 5.8188866244E-01 5.6300169083E-12 1.0695545490E-12 5.8188866244E-01 2.3955095922E+00 -3.9882594647E-12 -4.3272882458E-12 -7.0899954747E-12 -6.3024989847E-12 -2.2834382401E+00 -4.3102389076E-01 -8.8645739580E-13 -3.6225610957E-12 4.3102389076E-01 -2.2834382401E+00
165.00 2.4474087248E+00 5.2158492453E-01 5.4708645322E-12 8.1974166613E-13 5.2158492453E-01 2.4474087248E+00 -3.8584371753E-12 -4.0861563543E-12 -6.6367902350E-12 -5.7832850201E-12 -2.3593503900E+00 -3.8887577728E-01 -6.5977207320E-13 -3.4666661573E-12 3.8887577728E-01 -2.3593503900E+00
166.00 2.4984744813E+00 4.6276729327E-01 5.2753002267E-12 5.6269182627E-13 4.6276729327E-01 2.4984744813E+00 -3.6911210488E-12 -3.8377386571E-12 -6.1862019014E-12 -5.2698089811E-12 -2.4305827309E+00 -3.4711490054E-01 -4.2562971774E-13 -3.2994796481E-12 3.4711490054E-01 -2.4305827309E+00
167.00 2.5482827796E+00 4.0586757936E-01 5.0452259314E-12 2.9969285972E-13 4.0586757936E-01 2.5482827796E+00 -3.4878760549E-12 -3.5823855451E-12 -5.7382716154E-12 -4.7620794499E-12 -2.4970569077E+00 -3.0614283059E-01 -1.8459554794E-13 -3.1207500733E-12 3.0614283059E-01 -2.4970569077E+00
168.00 2.5964131055E+00 3.5130419160E-01 4.7824247207E-12 3.1365019211E-14 3.5130419160E-01 2.5964131055E+00 -3.2506954723E-12 -3.3212666652E-12 -5.2926341563E-12 -4.2603194218E-12 -2.5587109289E+00 -2.6635457930E-01 6.3120024404E-14 -2.9310240900E-12 2.6635457930E-01 -2.5587109289E+00
169.00 2.6424532695E+00 2.9947890017E-01 4.4892980010E-12 -2.4163237444E-13 2.9947890017E-01 2.6424532695E+00 -2.9813400400E-12 -3.0552733471E-12 -4.8492614114E-12 -3.7642868619E-12 -2.6154973227E+00 -2.2813466410E-01 3.1726164358E-13 -2.7307574994E-12 2.2813466410E-01 -2.6154973227E+00
170.00 2.6860040744E+00 2.5077373892E-01 4.1679103929E-12 -5.1833028003E-13 2.5077373892E-01 2.6860040744E+00 -2.6821998123E-12 -2.7850431184E-12 -4.4076653077E-12 -3.2740440996E-12 -2.6673812529E+00 -1.9185325449E-01 5.7713778280E-13 -2.5202687159E-12 1.9185325449E-01 -2.6673812529E+00
171.00 2.7266838406E+00 2.0554806948E-01 3.8207396607E-12 -7.9795701706E-13 2.0554806948E-01 2.7266838406E+00 -2.3555757206E-12 -2.5112880737E-12 -3.9675181013E-12 -2.7893897427E-12 -2.7143386315E+00 -1.5786244371E-01 8.4216028349E-13 -2.3000557599E-12 1.5786244371E-01 -2.7143386315E+00
172.00 2.7641327353E+00 1.6413582887E-01 3.4505355231E-12 -1.0798938093E-12 1.6413582887E-01 2.7641327353E+00 -2.0038900027E-12 -2.2348471687E-12 -3.5285794011E-12 -2.3100514649E-12 -2.7563542603E+00 -1.2649268701E-01 1.1117913508E-12 -2.0708369810E-12 1.2649268701E-01 -2.7563542603E+00
173.00 2.7980168574E+00 1.2684297992E-01 3.0597367713E-12 -1.3634054721E-12 1.2684297992E-01 2.7980168574E+00 -1.6298854614E-12 -1.9563538886E-12 -3.0901577663E-12 -1.8358498898E-12 -2.7934200362E+00 -9.8049445981E-02 1.3852803889E-12 -1.8332254425E-12 9.8049445981E-02 -2.7934200362E+00
174.00 2.8280320292E+00 9.3945182396E-02 2.6515627746E-12 -1.6477354098E-12 9.3945182396E-02 2.8280320292E+00 -1.2359723375E-12 -1.6763147528E-12 -2.6521798264E-12 -1.3661419037E-12 -2.8255332512E+00 -7.2810076533E-02 1.6618003817E-12 -1.5878086410E-12 7.2810076533E-02 -2.8255332512E+00
175.00 2.8539072523E+00 6.5685700769E-02 2.2285167455E-12 -1.9323335519E-12 6.5685700769E-02 2.8539072523E+00 -8.2537780338E-13 -1.3955356619E-12 -2.2137604920E-12 -9.0092807711E-13 -2.8526950155E+00 -5.1020995123E-02 1.9406148337E-12 -1.3355218119E-12 5.1020995123E-02 -2.8526950155E+00
176.00 2.8754077880E+00 4.2273562573E-02 1.7938457271E-12 -2.2164439603E-12 4.2273562573E-02 2.8754077880E+00 -4.0083741410E-13 -1.1145190065E-12 -1.7746409737E-12 -4.3960849648E-13 -2.8749088337E+00 -3.2895155044E-02 2.2207461160E-12 -1.0770910794E-12 3.2895155044E-02 -2.8749088337E+00
177.00 2.8923378253E+00 2.3881979596E-02 1.3505403414E-12 -2.4995427649E-12 2.3881979596E-02 2.8923378253E+00 3.4658623024E-14 -8.3385239316E-13 -1.3342329091E-12 1.8274820197E-14 -2.8921793547E+00 -1.8609861027E-02 2.5013794239E-12 -8.1337586349E-13 1.8609861027E-02 -2.8921793547E+00
178.00 2.9045427081E+00 1.0647042141E-02 9.0170042420E-13 -2.7810622430E-12 1.0647042141E-02 2.9045427081E+00 4.7805229208E-13 -5.5418942731E-13 -8.9200424072E-13 4.7319275766E-13 -2.9045113206E+00 -8.3049466902E-03 2.7816113405E-12 -5.4535391289E-13 8.3049466902E-03 -2.9045113206E+00
179.00 2.9119106936E+00 2.6666947620E-03 4.5048317808E-13 -3.0603987652E-12 2.6666947620E-03 2.9119106936E+00 9.2614038004E-13 -2.7603127228E-13 -4.4744781223E-13 9.2553268965E-13 -2.9119087287E+00 -2.0813352948E-03 3.0604678646E-12 -2.7389031811E-13 2.0813352948E-03 -2.9119087287E+00
180.00 2.9143742238E+00 5.8438497097E-17 -3.4482375626E-17 -3.3370309259E-12 5.8438497097E-17 2.9143742238E+00 1.3759201813E-12 6.8119948021E-19 3.4482375626E-17 1.3759201813E-12 -2.9143742238E+00 2.7826048757E-16 3.3370309259E-12 6.8119948041E-19 -2.7826048757E-16 -2.9143742238E+00
