theta s11 s12 s13 s14 s21 s22 s23 s24 s31 s32 s33 s34 s41 s42 s43 s44
0.00 1.4154797796E+002 0.0000000000E+000 0.0000000000E+000 6.8689999947E-012 0.0000000000E+000 1.4154797796E+002 3.3916111572E-011 0.0000000000E+000 0.0000000000E+000 -3.3916111572E-011 1.4154797796E+002 0.0000000000E+000 6.8689999947E-012 0.0000000000E+000 0.0000000000E+000 1.4154797796E+002
1.00 1.4140075340E+002 -5.8903788376E-003 -2.9417331441E-013 6.9819348613E-012 -5.8903788376E-003 1.4140075340E+002 3.4193996681E-011 -1.0665476694E-013 -2.9225751665E-013 -3.4193976886E-011 1.4140075293E+002 9.9513430576E-003 6.9819510099E-012 1.0877038371E-013 -9.9513430576E-003 1.4140075293E+002
2.00 1.4095992076E+002 -2.3466973149E-002 -5.8343625901E-013 7.0988893412E-012 -2.3466973149E-002 1.4095992076E+002 3.4428776310E-011 -2.1015800977E-013 -5.7570487514E-013 -3.4428619424E-011 1.4095991321E+002 3.9706967209E-002 7.0990169043E-012 2.1867438989E-013 -3.9706967209E-002 1.4095991321E+002
3.00 1.4022799589E+002 -5.2447619481E-002 -8.6772686702E-013 7.2201010967E-012 -5.2447619481E-002 1.4022799589E+002 3.4618817249E-011 -3.1024660329E-013 -8.5019775555E-013 -3.4618293024E-011 1.4022795786E+002 8.8972730334E-002 7.2205264564E-012 3.2951108362E-013 -8.8972730334E-002 1.4022795786E+002
4.00 1.3920914787E+002 -9.2366898445E-002 -1.1450489972E-012 7.3444926973E-012 -9.2366898445E-002 1.3920914787E+002 3.4763921732E-011 -4.0677943215E-013 -1.1136856252E-012 -3.4762693423E-011 1.3920902840E+002 1.5726195870E-001 7.3454872081E-012 4.4117741552E-013 -1.5726195870E-001 1.3920902840E+002
5.00 1.3790916323E+002 -1.4258333015E-001 -1.4152815031E-012 7.4725924844E-012 -1.4258333015E-001 1.3790916323E+002 3.4862457544E-011 -4.9968057136E-013 -1.3660211946E-012 -3.4860088355E-011 1.3790887384E+002 2.4390074509E-001 7.4745074440E-012 5.5360805837E-013 -2.4390074509E-001 1.3790887384E+002
6.00 1.3633539643E+002 -2.0228928122E-001 -1.6764967303E-012 7.6042592555E-012 -2.0228928122E-001 1.3633539643E+002 3.4915265309E-011 -5.8908461384E-013 -1.6052774126E-012 -3.4911227451E-011 1.3633480212E+002 3.4803527380E-001 7.6075162883E-012 6.6692554951E-013 -3.4803527380E-001 1.3633480212E+002
7.00 1.3449670720E+002 -2.7052342018E-001 -1.9289360595E-012 7.7382225726E-012 -2.7052342018E-001 1.3449670720E+002 3.4920920550E-011 -6.7514896564E-013 -1.8317309584E-012 -3.4914601130E-011 1.3449561867E+002 4.6864108152E-001 7.7433097576E-012 7.8124744722E-013 -4.6864108152E-001 1.3449561867E+002
8.00 1.3240338529E+002 -3.4618551683E-001 -2.1713821931E-012 7.8744844498E-012 -3.4618551683E-001 1.3240338529E+002 3.4879053023E-011 -7.5768528810E-013 -2.0442269694E-012 -3.4869765867E-011 1.3240155260E+002 6.0453413954E-001 7.8819461208E-012 8.9631901013E-013 -6.0453413954E-001 1.3240155260E+002
9.00 1.3006706353E+002 -4.2805334288E-001 -2.4027380075E-012 8.0133185662E-012 -4.2805334288E-001 1.3006706353E+002 3.4790544077E-011 -8.3584873421E-013 -2.2417540580E-012 -3.4777544948E-011 1.3006417144E+002 7.5438362052E-001 8.0237482638E-012 1.0112075557E-012 -7.5438362052E-001 1.3006417144E+002
10.00 1.2750062021E+002 -5.1480139785E-001 -2.6219414469E-012 8.1545157166E-012 -5.1480139785E-001 1.2750062021E+002 3.4655697062E-011 -9.1000259269E-013 -2.4233650522E-012 -3.4638191211E-011 1.2749628522E+002 9.1672619257E-001 8.1685431159E-012 1.1261636036E-012 -9.1672619257E-001 1.2749628522E+002
11.00 1.2471807170E+002 -6.0502115542E-001 -2.8301155954E-012 8.2963276977E-012 -6.0502115542E-001 1.2471807170E+002 3.4472171471E-011 -9.8049285272E-013 -2.5903504837E-012 -3.4449314157E-011 1.2471184105E+002 1.0899816658E+000 8.3146251353E-012 1.2413804789E-012 -1.0899816658E+000 1.2471184105E+002
12.00 1.2173445659E+002 -6.9724250210E-001 -3.0247295853E-012 8.4387500402E-012 -6.9724250210E-001 1.2173445659E+002 3.4243038625E-011 -1.0474308280E-012 -2.7403430572E-012 -3.4213962018E-011 1.2172580907E+002 1.2724698003E+000 8.4619962583E-012 1.3568264786E-012 -1.2724698003E+000 1.2172580907E+002
13.00 1.1856571247E+002 -7.8995602243E-001 -3.2081899023E-012 8.5826515857E-012 -7.8995602243E-001 1.1856571247E+002 3.3965938030E-011 -1.1092941216E-012 -2.8759529973E-012 -3.3929756552E-011 1.1855406128E+002 1.4624280720E+000 8.6115799822E-012 1.4707565234E-012 -1.4624280720E+000 1.1855406128E+002
14.00 1.1522854679E+002 -8.8163577365E-001 -3.3739168100E-012 8.7254867633E-012 -8.8163577365E-001 1.1522854679E+002 3.3646759294E-011 -1.1680785630E-012 -2.9908172617E-012 -3.3602600081E-011 1.1521324424E+002 1.6580301818E+000 8.7607480531E-012 1.5850384251E-012 -1.6580301818E+000 1.1521324424E+002
15.00 1.1174030299E+002 -9.7076218696E-001 -3.5290019472E-012 8.8667643351E-012 -9.7076218696E-001 1.1174030299E+002 3.3279391431E-011 -1.2233287377E-012 -3.0923339801E-012 -3.3226337383E-011 1.1172064706E+002 1.8574050879E+000 8.9091060170E-012 1.6989014777E-012 -1.8574050879E+000 1.1172064706E+002
16.00 1.0811882342E+002 -1.0558447340E+000 -3.6690694865E-012 9.0072705261E-012 -1.0558447340E+000 1.0811882342E+002 3.2868720170E-011 -1.2742095404E-012 -3.1763554523E-012 -3.2805912952E-011 1.0809406599E+002 2.0586563338E+000 9.0573810812E-012 1.8113099533E-012 -2.0586563338E+000 1.0809406599E+002
17.00 1.0438231038E+002 -1.1354440034E+000 -3.7925684543E-012 9.1465029818E-012 -1.1354440034E+000 1.0438231038E+002 3.2416469826E-011 -1.3199654874E-012 -3.2416127936E-012 -3.2343114650E-011 1.0435166708E+002 2.2598814467E+000 9.2050280911E-012 1.9212659996E-012 -2.2598814467E+000 1.0435166708E+002
18.00 1.0054918670E+002 -1.2081928466E+000 -3.9020250638E-012 9.2827167018E-012 -1.2081928466E+000 1.0054918670E+002 3.1921844308E-011 -1.3623707301E-012 -3.2909901977E-012 -3.1837125572E-011 1.0051184803E+002 2.4591911798E+000 9.3503084525E-012 2.0302435919E-012 -2.4591911798E+000 1.0051184803E+002
19.00 9.6637957182E+001 -1.2728162685E+000 -3.9969949219E-012 9.4151021793E-012 -1.2728162685E+000 9.6637957182E+001 3.1385850289E-011 -1.4008120295E-012 -3.3243917464E-012 -3.1289014936E-011 9.6593100811E+001 2.6547283789E+000 9.4923821095E-012 2.1373343631E-012 -2.6547283789E+000 9.6593100811E+001
20.00 9.2667072379E+001 -1.3281497657E+000 -4.0757853465E-012 9.5454715477E-012 -1.3281497657E+000 9.2667072379E+001 3.0811868566E-011 -1.4338450237E-012 -3.3403793006E-012 -3.0702288821E-011 9.2613876291E+001 2.8446862582E+000 9.6329935502E-012 2.2408173830E-012 -2.8446862582E+000 9.2613876291E+001
21.00 8.8654795820E+001 -1.3731558407E+000 -4.1399474358E-012 9.6691438826E-012 -1.3731558407E+000 8.8654795820E+001 3.0199558084E-011 -1.4643410142E-012 -3.3410107738E-012 -3.0076569591E-011 8.8592452065E+001 3.0273258856E+000 9.7674182900E-012 2.3432604592E-012 -3.0273258856E+000 8.8592452065E+001
22.00 8.4619076061E+001 -1.4069384555E+000 -4.1880680514E-012 9.7888631596E-012 -1.4069384555E+000 8.4619076061E+001 2.9552382051E-011 -1.4897789826E-012 -3.3251118650E-012 -2.9415500540E-011 8.4546804809E+001 3.2009926834E+000 9.8983301563E-012 2.4418450289E-012 -3.2009926834E+000 8.4546804809E+001
23.00 8.0577424631E+001 -1.4287552238E+000 -4.2221184274E-012 9.9029398822E-012 -1.4287552238E+000 8.0577424631E+001 2.8869665188E-011 -1.5107006891E-012 -3.2951019653E-012 -2.8718451167E-011 8.0494488234E+001 3.3641317720E+000 1.0024041961E-011 2.5367221076E-012 -3.3641317720E+000 8.0494488234E+001
24.00 7.6546800945E+001 -1.4380271799E+000 -4.2429673260E-012 1.0008200349E-011 -1.4380271799E+000 7.6546800945E+001 2.8153126352E-011 -1.5294560681E-012 -3.2523561627E-012 -2.7987112304E-011 7.6452517713E+001 3.5153019979E+000 1.0141318531E-011 2.6299468335E-012 -3.5153019979E+000 7.6452517713E+001
25.00 7.2543505138E+001 -1.4343460059E+000 -4.2476313909E-012 1.0109673877E-011 -1.4343460059E+000 7.2543505138E+001 2.7407080907E-011 -1.5411317143E-012 -3.1939796877E-012 -2.7226180957E-011 7.2437262531E+001 3.6531885056E+000 1.0255065510E-011 2.7162911813E-012 -3.6531885056E+000 7.2437262531E+001
26.00 6.8583079663E+001 -1.4174786395E+000 -4.2392031157E-012 1.0201078396E-011 -1.4174786395E+000 6.8583079663E+001 2.6631768142E-011 -1.5513099994E-012 -3.1237549290E-012 -2.6435675676E-011 6.8464346626E+001 3.7766137365E+000 1.0358963084E-011 2.8010366255E-012 -3.7766137365E+000 6.8464346626E+001
27.00 6.4680220378E+001 -1.3873692288E+000 -4.2151235253E-012 1.0285777900E-011 -1.3873692288E+000 6.4680220378E+001 2.5831354873E-011 -1.5554680570E-012 -3.0392588963E-012 -2.5620164096E-011 6.4548558552E+001 3.8845467563E+000 1.0456229097E-011 2.8793914917E-012 -3.8845467563E+000 6.4548558552E+001
28.00 6.0848697725E+001 -1.3441384461E+000 -4.1789484366E-012 1.0361731381E-011 -1.3441384461E+000 6.0848697725E+001 2.5004907209E-011 -1.5553897406E-012 -2.9445588789E-012 -2.4778671163E-011 6.0703771294E+001 3.9761108367E+000 1.0544898289E-011 2.9526762137E-012 -3.9761108367E+000 6.0703771294E+001
29.00 5.7101288471E+001 -1.2880802108E+000 -4.1293674690E-012 1.0425670737E-011 -1.2880802108E+000 5.7101288471E+001 2.4156839276E-011 -1.5536855553E-012 -2.8388635143E-012 -2.3915568773E-011 5.6942872435E+001 4.0505892400E+000 1.0621470340E-011 3.0233896729E-012 -4.0505892400E+000 5.6942872435E+001
30.00 5.3449718349E+001 -1.2196559174E+000 -4.0676327210E-012 1.0482587909E-011 -1.2196559174E+000 5.3449718349E+001 2.3288276953E-011 -1.5448524212E-012 -2.7234187039E-012 -2.3032468332E-011 5.3277705061E+001 4.1074291781E+000 1.0691027921E-011 3.0855497382E-012 -4.1074291781E+000 5.3277705061E+001
31.00 4.9904615835E+001 -1.1394862981E+000 -3.9933924798E-012 1.0527858737E-011 -1.1394862981E+000 4.9904615835E+001 2.2402711924E-011 -1.5334473194E-012 -2.5984896165E-012 -2.2132659788E-011 4.9719019639E+001 4.1462439408E+000 1.0748711043E-011 3.1436089503E-012 -4.1462439408E+000 4.9719019639E+001
32.00 4.6475477118E+001 -1.0483410886E+000 -3.9085363835E-012 1.0562112652E-011 -1.0483410886E+000 4.6475477118E+001 2.1500519473E-011 -1.5177617203E-012 -2.4662558134E-012 -2.1216731689E-011 4.6276437006E+001 4.1668132097E+000 1.0795224363E-011 3.1954093889E-012 -4.1668132097E+000 4.6276437006E+001
33.00 4.3170642245E+001 -9.4712669617E-001 -3.8137732563E-012 1.0585822094E-011 -9.4712669617E-001 4.3170642245E+001 2.0584557296E-011 -1.4973912968E-012 -2.3276352739E-012 -2.0287694396E-011 4.2958422474E+001 4.1690815999E+000 1.0830998762E-011 3.2403024753E-012 -4.1690815999E+000 4.2958422474E+001
34.00 3.9997282271E+001 -8.3687209567E-001 -3.7082223208E-012 1.0595531531E-011 -8.3687209567E-001 3.9997282271E+001 1.9658651071E-011 -1.4753459738E-012 -2.1823163926E-012 -1.9349203029E-011 3.9772270914E+001 4.1531554858E+000 1.0852316928E-011 3.2812552663E-012 -4.1531554858E+000 3.9772270914E+001
35.00 3.6961397140E+001 -7.1871320628E-001 -3.5937895051E-012 1.0595215444E-011 -7.1871320628E-001 3.6961397140E+001 1.8723881766E-011 -1.4472025624E-012 -2.0320513254E-012 -1.8402871287E-011 3.6724102606E+001 4.1192981952E+000 1.0863287031E-011 3.3134266934E-012 -4.1192981952E+000 3.6724102606E+001
36.00 3.4067823919E+001 -5.9387601615E-001 -3.4698332145E-012 1.0582005489E-011 -5.9387601615E-001 3.4067823919E+001 1.7783851433E-011 -1.4155006454E-012 -1.8766865642E-012 -1.7452159101E-011 3.3818869509E+001 4.0679236659E+000 1.0860785438E-011 3.3393392550E-012 -4.0679236659E+000 3.3818869509E+001
37.00 3.1320254893E+001 -4.6365873922E-001 -3.3390285992E-012 1.0555597084E-011 -4.6365873922E-001 3.1320254893E+001 1.6839059332E-011 -1.3810079353E-012 -1.7191494086E-012 -1.6497531004E-011 3.1060371497E+001 3.9995886819E+000 1.0844672781E-011 3.3593501612E-012 -3.9995886819E+000 3.1060371497E+001
38.00 2.8721264964E+001 -3.2941329591E-001 -3.2003304692E-012 1.0516215248E-011 -3.2941329591E-001 2.8721264964E+001 1.5893532240E-011 -1.3424992370E-012 -1.5585154626E-012 -1.5543260731E-011 2.8451282040E+001 3.9149838160E+000 1.0814919688E-011 3.3722807025E-012 -3.9149838160E+000 2.8451282040E+001
39.00 2.6272347688E+001 -1.9252641315E-001 -3.0558505845E-012 1.0462480122E-011 -1.9252641315E-001 2.6272347688E+001 1.4948717496E-011 -1.3018157561E-012 -1.3972351482E-012 -1.4590603698E-011 2.5993182711E+001 3.8149232210E+000 1.0770271169E-011 3.3797125282E-012 -3.8149232210E+000 2.5993182711E+001
40.00 2.3973959248E+001 -5.4400638354E-002 -2.9059282727E-012 1.0397857101E-011 -5.4400638354E-002 2.3973959248E+001 1.4006735882E-011 -1.2551544122E-012 -1.2352523155E-012 -1.3642316645E-011 2.3686605818E+001 3.7003334196E+000 1.0714087471E-011 3.3777102334E-012 -3.7003334196E+000 2.3686605818E+001
41.00 2.1825569568E+001 8.3564444679E-002 -2.7514954312E-012 1.0317791864E-011 8.3564444679E-002 2.1825569568E+001 1.3070037991E-011 -1.2074162140E-012 -1.0742593527E-012 -1.2700180785E-011 2.1531084422E+001 3.5722412529E+000 1.0641827892E-011 3.3710729763E-012 -3.5722412529E+000 2.1531084422E+001
42.00 1.9825719762E+001 2.1999052028E-001 -2.5927261133E-012 1.0224770179E-011 2.1999052028E-001 1.9825719762E+001 1.2141331847E-011 -1.1558488419E-012 -9.1412869998E-013 -1.1767368159E-011 1.9525208928E+001 3.4317611498E+000 1.0555829446E-011 3.3570798072E-012 -3.4317611498E+000 1.9525208928E+001
43.00 1.7972085057E+001 3.5353810361E-001 -2.4312108710E-012 1.0118397064E-011 3.5353810361E-001 1.7972085057E+001 1.1222014225E-011 -1.1012794080E-012 -7.5653275380E-013 -1.0845208880E-011 1.7666689416E+001 3.2800818879E+000 1.0455808779E-011 3.3363749106E-012 -3.2800818879E+000 1.7666689416E+001
44.00 1.6261542302E+001 4.8292311807E-001 -2.2669977646E-012 9.9983475141E-012 4.8292311807E-001 1.6261542302E+001 1.0314759485E-011 -1.0440567536E-012 -6.0161666465E-013 -9.9363328742E-012 1.5952422830E+001 3.1184530105E+000 1.0341304594E-011 3.3093652263E-012 -3.1184530105E+000 1.5952422830E+001
45.00 1.4690241197E+001 6.0693226644E-001 -2.1011366237E-012 9.8659171876E-012 6.0693226644E-001 1.4690241197E+001 9.4213374522E-012 -9.8333559008E-013 -4.5017807092E-013 -9.0427031935E-012 1.4378564149E+001 2.9481710700E+000 1.0213587508E-011 3.2752099539E-012 -2.9481710700E+000 1.4378564149E+001
46.00 1.3253678324E+001 7.2443700040E-001 -1.9349414421E-012 9.7188268350E-012 7.2443700040E-001 1.3253678324E+001 8.5432400475E-012 -9.2167244552E-013 -3.0391225427E-013 -8.1653761371E-012 1.2940600642E+001 2.7705658579E+000 1.0070622740E-011 3.2362439251E-012 -2.7705658579E+000 1.2940600642E+001
47.00 1.1946773131E+001 8.3440592061E-001 -1.7683064659E-012 9.5608097536E-012 8.3440592061E-001 1.1946773131E+001 7.6831789332E-012 -8.5551123966E-013 -1.6200056825E-013 -7.3077213712E-012 1.1633428317E+001 2.5869867818E+000 9.9157152053E-012 3.1893585053E-012 -2.5869867818E+000 1.1633428317E+001
48.00 1.0763944988E+001 9.3591546988E-001 -1.6032373760E-012 9.3890306371E-012 9.3591546988E-001 1.0763944988E+001 6.8415188373E-012 -7.8851602395E-013 -2.6822261608E-014 -6.4694935362E-012 1.0451429696E+001 2.3987895372E+000 9.7465454522E-012 3.1377367961E-012 -2.3987895372E+000 1.0451429696E+001
49.00 9.6991905013E+000 1.0281588127E+000 -1.4394748911E-012 9.2039571165E-012 1.0281588127E+000 9.6991905013E+000 6.0207661074E-012 -7.2049900793E-013 1.0198586406E-013 -5.6531567522E-012 9.3885520743E+000 2.2073232171E+000 9.5634134387E-012 3.0813836547E-012 -2.2073232171E+000 9.3885520743E+000
50.00 8.7461602930E+000 1.1104528261E+000 -1.2778855980E-012 9.0083994099E-012 1.1104528261E+000 8.7461602930E+000 5.2226088013E-012 -6.4927335088E-013 2.2422838575E-013 -4.8608539389E-012 8.4383854338E+000 2.0139179879E+000 9.3688912044E-012 3.0185173180E-012 -2.0139179879E+000 8.4383854338E+000
51.00 7.8982344980E+000 1.1822431603E+000 -1.1191169428E-012 8.8009383501E-012 1.1822431603E+000 7.8982344980E+000 4.4482409988E-012 -5.7692864191E-013 3.3911760972E-013 -4.0933388140E-012 7.5942392588E+000 1.8198734504E+000 9.1617858388E-012 2.9510428548E-012 -1.8198734504E+000 7.5942392588E+000
52.00 7.1485962917E+000 1.2431073570E+000 -9.6338464087E-013 8.5817996096E-012 1.2431073570E+000 7.1485962917E+000 3.6995996060E-012 -5.0373951578E-013 4.4652411733E-013 -3.3524034675E-012 6.8492175189E+000 1.6264477916E+000 8.9423025082E-012 2.8794001398E-012 -1.6264477916E+000 6.8492175189E+000
53.00 6.4903028093E+000 1.2927560463E+000 -8.1222669604E-013 8.3528928442E-012 1.2927560463E+000 6.4903028093E+000 2.9769184892E-012 -4.2872187580E-013 5.4562394155E-013 -2.6386048412E-012 6.1962911572E+000 1.4348478163E+000 8.7123325872E-012 2.8027707990E-012 -1.4348478163E+000 6.1962911572E+000
54.00 5.9163528872E+000 1.3310322713E+000 -6.6590491480E-013 8.1137602073E-012 1.3310322713E+000 5.9163528872E+000 2.2816019580E-012 -3.5303211462E-013 6.3620271249E-013 -1.9530498728E-012 5.6283674764E+000 1.2462199362E+000 8.4715359227E-012 2.7223291656E-012 -1.2462199362E+000 5.6283674764E+000
55.00 5.4197511176E+000 1.3579090177E+000 -5.2390175771E-013 7.8646048248E-012 1.3579090177E+000 5.4197511176E+000 1.6158273054E-012 -2.7722167626E-013 7.1875078072E-013 -1.2975480230E-012 5.1383558815E+000 1.0616421769E+000 8.2200586011E-012 2.6388639327E-012 -1.0616421769E+000 5.1383558815E+000
56.00 4.9935677769E+000 1.3734850509E+000 -3.8786375138E-013 7.6068337423E-012 1.3734850509E+000 4.9935677769E+000 9.7919636553E-013 -2.0081391936E-013 7.9236708538E-013 -6.7198579462E-013 4.7192295047E+000 8.8211724813E-001 7.9593700764E-012 2.5519887505E-012 -8.8211724813E-001 4.7192295047E+000
57.00 4.6309942581E+000 1.3779791860E+000 -2.5821803155E-013 7.3410096863E-012 1.3779791860E+000 4.6309942581E+000 3.7266507207E-013 -1.2416512311E-013 8.5690329270E-013 -7.7211685888E-014 4.3640823092E+000 7.0856670812E-001 7.6900697873E-012 2.4622533198E-012 -7.0856670812E-001 4.3640823092E+000
58.00 4.3253937068E+000 1.3717231347E+000 -1.3509672154E-013 7.0672147130E-012 1.3717231347E+000 4.3253937068E+000 -2.0286614779E-013 -4.8013182343E-014 9.1243743105E-013 4.8608682174E-013 4.0661813400E+000 5.4182623664E-001 7.4123512401E-012 2.3704213948E-012 -5.4182623664E-001 4.0661813400E+000
59.00 4.0703466297E+000 1.3551530940E+000 -1.8300452348E-014 6.7868206218E-012 1.3551530940E+000 4.0703466297E+000 -7.4636972941E-013 2.8030599952E-014 9.5946090626E-013 1.0170846486E-012 3.8190138601E+000 3.8264201805E-001 7.1273888049E-012 2.2764796625E-012 -3.8264201805E-001 3.8190138601E+000
60.00 3.8596913128E+000 1.3288002481E+000 9.0690644608E-014 6.4999816533E-012 1.3288002481E+000 3.8596913128E+000 -1.2585440387E-012 1.0303339527E-013 9.9714298563E-013 1.5162984149E-012 3.6163291839E+000 2.3166822075E-001 6.8356624414E-012 2.1812787431E-012 -2.3166822075E-001 3.6163291839E+000
61.00 3.6875589526E+000 1.2932803733E+000 1.9243031636E-013 6.2084304793E-012 1.2932803733E+000 3.6875589526E+000 -1.7382404687E-012 1.7778880408E-013 1.0261951166E-012 1.9828733760E-012 3.4521750855E+000 8.9465546464E-002 6.5385482946E-012 2.0845512071E-012 -8.9465546464E-002 3.4521750855E+000
62.00 3.5484034670E+000 1.2492827345E+000 2.8685213530E-013 5.9115398134E-012 1.2492827345E+000 3.5484034670E+000 -2.1850332697E-012 2.5070216387E-013 1.0467964340E-012 2.4165768902E-012 3.3209287308E+000 -4.3499188948E-002 6.2358656145E-012 1.9876100529E-012 4.3499188948E-002 3.3209287308E+000
63.00 3.4370260137E+000 1.1975584716E+000 3.7282263811E-013 5.6102775666E-012 1.1975584716E+000 3.4370260137E+000 -2.5998715628E-012 3.2173807855E-013 1.0585540055E-012 2.8181303915E-012 3.2173221430E+000 -1.6685249317E-001 5.9285304070E-012 1.8907106885E-012 1.6685249317E-001 3.2173221430E+000
64.00 3.3485942972E+000 1.1389086697E+000 4.5160765574E-013 5.3065359641E-012 1.1389086697E+000 3.3485942972E+000 -2.9813216871E-012 3.9157760016E-013 1.0626131313E-012 3.1866465557E-012 3.1364622734E+000 -2.8031271298E-001 5.6182180359E-012 1.7936395683E-012 2.8031271298E-001 3.1364622734E+000
65.00 3.2786568019E+000 1.0741723060E+000 5.2212451895E-013 5.0006103708E-012 1.0741723060E+000 3.2786568019E+000 -3.3306081178E-012 4.5964429792E-013 1.0585861947E-012 3.5231621742E-012 3.0738458051E+000 -3.8368769601E-001 5.3053131362E-012 1.6969931407E-012 3.8368769601E-001 3.0738458051E+000
66.00 3.2231521318E+000 1.0042142588E+000 5.8426510594E-013 4.6928104300E-012 1.0042142588E+000 3.2231521318E+000 -3.6479255918E-012 5.2513000424E-013 1.0467312894E-012 3.8278933565E-012 3.0253688691E+000 -4.7687167402E-001 4.9902858327E-012 1.6015988058E-012 4.7687167402E-001 3.0253688691E+000
67.00 3.1784136825E+000 9.2991355601E-001 6.3883042876E-013 4.3834521111E-012 9.2991355601E-001 3.1784136825E+000 -3.9328664371E-012 5.8733693664E-013 1.0280673778E-012 4.1006640456E-012 2.9873318977E+000 -5.5984144904E-001 4.6736709530E-012 1.5080860246E-012 5.5984144904E-001 2.9873318977E+000
68.00 3.1411699058E+000 8.5215202841E-001 6.8477678133E-013 4.0757612269E-012 8.5215202841E-001 3.1411699058E+000 -4.1869479668E-012 6.4849774618E-013 1.0018417987E-012 4.3431126825E-012 2.9564398836E+000 -6.3265196800E-001 4.3578958248E-012 1.4151498231E-012 6.3265196800E-001 2.9564398836E+000
69.00 3.1085404628E+000 7.7180351819E-001 7.2340096109E-013 3.7672434822E-012 7.7180351819E-001 3.1085404628E+000 -4.4095394850E-012 7.0504311533E-013 9.6982766707E-013 4.5545126925E-012 2.9297983449E+000 -6.9543137457E-001 4.0415486783E-012 1.3254385751E-012 6.9543137457E-001 2.9297983449E+000
70.00 3.0780285824E+000 6.8972377944E-001 7.5461330415E-013 3.4607882175E-012 6.8972377944E-001 3.0780285824E+000 -4.6013721852E-012 7.5887780083E-013 9.3195383288E-013 4.7359102005E-012 2.9049053308E+000 -7.4837562851E-001 3.7269512389E-012 1.2376927064E-012 7.4837562851E-001 2.9049053308E+000
71.00 3.0475099688E+000 6.0674118841E-001 7.7747533630E-013 3.1561573021E-012 6.0674118841E-001 3.0475099688E+000 -4.7644464072E-012 8.0887734547E-013 8.8804018849E-013 4.8889497056E-012 2.8796398222E+000 -7.9174278318E-001 3.4138786990E-012 1.1531648783E-012 7.9174278318E-001 2.8796398222E+000
72.00 3.0152186144E+000 5.2364836333E-001 7.9402924282E-013 2.8549169494E-012 5.2364836333E-001 3.0152186144E+000 -4.8975825374E-012 8.5552580831E-013 8.3977667807E-013 5.0130347662E-012 2.8522469036E+000 -8.2584701062E-001 3.1041250626E-012 1.0712168773E-012 8.2584701062E-001 2.8522469036E+000
73.00 2.9797298855E+000 4.4119477432E-001 8.0317681801E-013 2.5574893389E-012 4.4119477432E-001 2.9797298855E+000 -5.0030485720E-012 8.9849059109E-013 7.8666291157E-013 5.1101731514E-012 2.8213200933E+000 -8.5105246182E-001 2.7978780173E-012 9.9248472833E-013 8.5105246182E-001 2.8213200933E+000
74.00 2.9399412561E+000 3.6008040391E-001 8.0516037552E-013 2.2638498423E-012 3.6008040391E-001 2.9399412561E+000 -5.0817963834E-012 9.3679772929E-013 7.2931411588E-013 5.1811602880E-012 2.7857812272E+000 -8.6776704602E-001 2.4952202751E-012 9.1790331766E-013 8.6776704602E-001 2.7857812272E+000
75.00 2.8950510640E+000 2.8095049873E-001 8.0111352844E-013 1.9752471247E-012 2.8095049873E-001 2.8950510640E+000 -5.1340721826E-012 9.7088499358E-013 6.6878455649E-013 5.2265450224E-012 2.7448582936E+000 -8.7643620885E-001 2.1974969280E-012 8.4700851091E-013 8.7643620885E-001 2.7448582936E+000
76.00 2.8445356635E+000 2.0439143314E-001 7.9129213875E-013 1.6930654880E-012 2.0439143314E-001 2.8445356635E+000 -5.1608857520E-012 1.0012738268E-012 6.0529243531E-013 5.2475204084E-012 2.6980616146E+000 -8.7753678382E-001 1.9059978904E-012 7.7936735878E-013 8.7753678382E-001 2.6980616146E+000
77.00 2.7881253392E+000 1.3092768644E-001 7.7582152783E-013 1.4170838925E-012 1.3092768644E-001 2.7881253392E+000 -5.1638188095E-012 1.0271170325E-012 5.3937865456E-013 5.2454404960E-012 2.6451587599E+000 -8.7157098552E-001 1.6205591521E-012 7.1586562676E-013 8.7157098552E-001 2.6451587599E+000
78.00 2.7257793361E+000 6.1019916638E-002 7.5497851837E-013 1.1472899289E-012 6.1019916638E-002 2.7257793361E+000 -5.1439794410E-012 1.0476393906E-012 4.7160554531E-013 5.2212069977E-012 2.5861485714E+000 -8.5906060658E-001 1.3411720025E-012 6.5723485592E-013 8.5906060658E-001 2.5861485714E+000
79.00 2.6576603496E+000 -4.9359031710E-003 7.2937019402E-013 8.8441269646E-013 -4.9359031710E-003 2.6576603496E+000 -5.1024637894E-012 1.0629365436E-012 4.0260215614E-013 5.1759674987E-012 2.5212346584E+000 -8.4054147293E-001 1.0685712685E-012 6.0340502564E-013 8.4054147293E-001 2.5212346584E+000
80.00 2.5841087963E+000 -6.6608336049E-002 6.9976751585E-013 6.3063445182E-013 -6.6608336049E-002 2.5841087963E+000 -5.0401327930E-012 1.0746415683E-012 3.3264702452E-013 5.1111242966E-012 2.4507987064E+000 -8.1655820459E-001 8.0497585252E-013 5.5269093893E-013 8.1655820459E-001 2.4507987064E+000
81.00 2.5056171755E+000 -1.2372938437E-001 6.6609603717E-013 3.8412632722E-013 -1.2372938437E-001 2.5056171755E+000 -4.9587658711E-012 1.0802902736E-012 2.6244998140E-013 5.0276439598E-012 2.3753739206E+000 -7.8765932149E-001 5.4848558220E-013 5.0760389413E-013 7.8765932149E-001 2.3753739206E+000
82.00 2.4228048015E+000 -1.7609252196E-001 6.2888249350E-013 1.4666889340E-013 -1.7609252196E-001 2.4228048015E+000 -4.8596276650E-012 1.0812421760E-012 1.9208345464E-013 4.9272272746E-012 2.2956189025E+000 -7.5439272567E-001 3.0085791720E-013 4.6680151556E-013 7.5439272567E-001 2.2956189025E+000
83.00 2.3363931704E+000 -2.2354994294E-001 5.8949069278E-013 -8.1350104214E-014 -2.2354994294E-001 2.3363931704E+000 -4.7431815808E-012 1.0775149219E-012 1.2289787757E-013 4.8102918815E-012 2.2122922293E+000 -7.1730158371E-001 6.2816029361E-014 4.2992389462E-013 7.1730158371E-001 2.2122922293E+000
84.00 2.2471821959E+000 -2.6600912364E-001 5.4732024694E-013 -3.0042204209E-013 -2.6600912364E-001 2.2471821959E+000 -4.6117975058E-012 1.0682339349E-012 5.4494351050E-014 4.6789025454E-012 2.1262279828E+000 -6.7692062521E-001 -1.6651776953E-013 3.9819077152E-013 6.7692062521E-001 2.1262279828E+000
85.00 2.1560275257E+000 -3.0342880071E-001 5.0345173654E-013 -5.0952413003E-013 -3.0342880071E-001 2.1560275257E+000 -4.4662299020E-012 1.0541191302E-012 -1.2349751930E-014 4.5339826286E-012 2.0383124415E+000 -6.3377286576E-001 -3.8587061901E-013 3.7060540081E-013 6.3377286576E-001 2.0383124415E+000
86.00 2.0638191230E+000 -3.3581447308E-001 4.5854887540E-013 -7.0863894666E-013 -3.3581447308E-001 2.0638191230E+000 -4.3075392759E-012 1.0349558195E-012 -7.6947148273E-014 4.3764291789E-012 1.9494621240E+000 -5.8836675576E-001 -5.9515011651E-013 3.4725221498E-013 5.8836675576E-001 1.9494621240E+000
87.00 1.9714612706E+000 -3.6321353785E-001 4.1260772953E-013 -8.9765471832E-013 -3.6321353785E-001 1.9714612706E+000 -4.1376976917E-012 1.0106847512E-012 -1.3947043958E-013 4.2081719257E-012 1.8606033410E+000 -5.4119374964E-001 -7.9440771977E-013 3.2836168375E-013 5.4119374964E-001 1.8606033410E+000
88.00 1.8798541293E+000 -3.8571017074E-001 3.6656152294E-013 -1.0763762318E-012 -3.8571017074E-001 1.8798541293E+000 -3.9573871638E-012 9.8141141102E-013 -1.9905049014E-013 4.0297907304E-012 1.7726533843E+000 -4.9272628383E-001 -9.8325333355E-013 3.1356540582E-013 4.9272628383E-001 1.7726533843E+000
89.00 1.7898769553E+000 -4.0342006017E-001 3.2059184999E-013 -1.2443950993E-012 -4.0342006017E-001 1.7898769553E+000 -3.7683090250E-012 9.4753205265E-013 -2.5583209168E-013 3.8430714274E-012 1.6865034512E+000 -4.4341614654E-001 -1.1612788297E-012 3.0247675050E-013 4.4341614654E-001 1.6865034512E+000
90.00 1.7023730560E+000 -4.1648510081E-001 2.7526773701E-013 -1.4019990650E-012 -4.1648510081E-001 1.7023730560E+000 -3.5716106580E-012 9.0867820490E-013 -3.0928376472E-013 3.6489396125E-012 1.6030033791E+000 -3.9369321695E-001 -1.3287791199E-012 2.9542370904E-013 3.9369321695E-001 1.6030033791E+000
91.00 1.6181365387E+000 -4.2506814721E-001 2.3113705188E-013 -1.5491621129E-012 -4.2506814721E-001 1.6181365387E+000 -3.3684287885E-012 8.6510214924E-013 -3.5903988965E-013 3.4484874580E-012 1.5229482322E+000 -3.4396454776E-001 -1.4856220303E-012 2.9206738036E-013 3.4396454776E-001 1.5229482322E+000
92.00 1.5379008819E+000 -4.2934792181E-001 1.8882247276E-013 -1.6855772639E-012 -4.2934792181E-001 1.5379008819E+000 -3.1597526278E-012 8.1714176391E-013 -4.0470193168E-013 3.2426486044E-012 1.4470667630E+000 -2.9461376113E-001 -1.6313299850E-012 2.9186280003E-013 2.9461376113E-001 1.4470667630E+000
93.00 1.4623293372E+000 -4.2951416332E-001 1.4853302745E-013 -1.8115666950E-012 -4.2951416332E-001 1.4623293372E+000 -2.9470708302E-012 7.6470760926E-013 -4.4628608263E-013 3.0328386206E-012 1.3760117431E+000 -2.4600072546E-001 -1.7662938472E-012 2.9499725185E-013 2.4600072546E-001 1.3760117431E+000
94.00 1.3920071475E+000 -4.2576309276E-001 1.1064934053E-013 -1.9271093331E-012 -4.2576309276E-001 1.3920071475E+000 -2.7314685150E-012 7.0809628690E-013 -4.8366173770E-013 2.8201297475E-012 1.3103521393E+000 -1.9846147844E-001 -1.8903749990E-012 3.0106720517E-013 1.9846147844E-001 1.3103521393E+000
95.00 1.3274355476E+000 -4.1829326387E-001 7.5590217164E-014 -2.0321269513E-012 -4.1829326387E-001 1.3274355476E+000 -2.5139690776E-012 6.4769302237E-013 -5.1665615217E-013 2.6055124452E-012 1.2505670881E+000 -1.5230836070E-001 -2.0033175346E-012 3.0953605463E-013 1.5230836070E-001 1.2505670881E+000
96.00 1.2690274965E+000 -4.0730185438E-001 4.3693068331E-014 -2.1270125729E-012 -4.0730185438E-001 1.2690274965E+000 -2.2956936382E-012 5.8344892246E-013 -5.4513978505E-013 2.3900118322E-012 1.1970416065E+000 -1.0783032351E-001 -2.1055076098E-012 3.2048943560E-013 1.0783032351E-001 1.1970416065E+000
97.00 1.2171050698E+000 -3.9298144260E-001 1.5404537198E-014 -2.2122695546E-012 -3.9298144260E-001 1.2171050698E+000 -2.0775073277E-012 5.1529497238E-013 -5.6883286879E-013 2.1743828686E-012 1.1500639599E+000 -6.5293374706E-002 -2.1974466071E-012 3.3405581470E-013 6.5293374706E-002 1.1500639599E+000
98.00 1.1718984316E+000 -3.7551730272E-001 -9.0481773042E-015 -2.2875750016E-012 -3.7551730272E-001 1.1718984316E+000 -1.8604490285E-012 4.4403640196E-013 -5.8784626932E-013 1.9597204330E-012 1.1098245940E+000 -2.4941127494E-002 -2.2784895622E-012 3.4918677296E-013 2.4941127494E-002 1.1098245940E+000
99.00 1.1335462884E+000 -3.5508524019E-001 -2.9419788389E-014 -2.3535264858E-012 -3.5508524019E-001 1.1335462884E+000 -1.6453952528E-012 3.6953254389E-013 -6.0214184789E-013 1.7468512150E-012 1.0764165276E+000 1.3004581515E-002 -2.3492625697E-012 3.6612518927E-013 -1.3004581515E-002 1.0764165276E+000
100.00 1.1020977171E+000 -3.3184997700E-001 -4.5535520228E-014 -2.4101223643E-012 -3.3184997700E-001 1.1020977171E+000 -1.4332539366E-012 2.9234761357E-013 -6.1180269155E-013 1.5366848671E-012 1.0498370929E+000 4.8343036613E-002 -2.4095151752E-012 3.8416950931E-013 -4.8343036613E-002 1.0498370929E+000
101.00 1.0775152511E+000 -3.0596408544E-001 -5.7008130495E-014 -2.4582126649E-012 -3.0596408544E-001 1.0775152511E+000 -1.2246592715E-012 2.1228021140E-013 -6.1664615128E-013 1.3298069716E-012 1.0299909024E+000 8.0893978676E-002 -2.4601465408E-012 4.0370866069E-013 -8.0893978676E-002 1.0299909024E+000
102.00 1.0596790999E+000 -2.7756745821E-001 -6.3996080301E-014 -2.4973307183E-012 -2.7756745821E-001 1.0596790999E+000 -1.0206907288E-012 1.3036146380E-013 -6.1709509917E-013 1.1273328212E-012 1.0166939181E+000 1.1049695816E-001 -2.5002588201E-012 4.2340134619E-013 -1.1049695816E-001 1.0166939181E+000
103.00 1.0483923727E+000 -2.4678729257E-001 -6.6032118922E-014 -2.5286495202E-012 -2.4678729257E-001 1.0483923727E+000 -8.2159786920E-013 4.6036684696E-014 -6.1285609513E-013 9.2950626197E-013 1.0096784932E+000 1.3701072796E-001 -2.5311896398E-012 4.4412328605E-013 -1.3701072796E-001 1.0096784932E+000
104.00 1.0433871728E+000 -2.1373855724E-001 -6.3173185497E-014 -2.5523079167E-012 -2.1373855724E-001 1.0433871728E+000 -6.2819168067E-013 -4.0041071161E-014 -6.0423089632E-013 7.3717620316E-013 1.0085992571E+000 1.6031269499E-001 -2.5527857181E-012 4.6512650560E-013 -1.6031269499E-001 1.0085992571E+000
105.00 1.0443314266E+000 -1.7852490218E-001 -5.5413767043E-014 -2.5685588426E-012 -1.7852490218E-001 1.0443314266E+000 -4.4108963252E-013 -1.2752525311E-013 -5.9139101815E-013 5.5098594974E-013 1.0130397122E+000 1.8029844541E-001 -2.5651178738E-012 4.8605047713E-013 -1.8029844541E-001 1.0130397122E+000
106.00 1.0508363112E+000 -1.4123996455E-001 -4.2618853132E-014 -2.5778286350E-012 -1.4123996455E-001 1.0508363112E+000 -2.6064943514E-013 -2.1600616881E-013 -5.7434857786E-013 3.7129252585E-013 1.0225194167E+000 1.9688135431E-001 -2.5684657605E-012 5.0657128543E-013 -1.9688135431E-001 1.0225194167E+000
107.00 1.0624641454E+000 -1.0196901794E-001 -2.4850850601E-014 -2.5809632304E-012 -1.0196901794E-001 1.0624641454E+000 -8.7410044735E-014 -3.0570915614E-013 -5.5344271422E-013 1.9881257092E-013 1.0365016252E+000 2.0999228673E-001 -2.5635609144E-012 5.2699791641E-013 -2.0999228673E-001 1.0365016252E+000
108.00 1.0787366121E+000 -6.0790907193E-002 -2.3842071501E-015 -2.5779482845E-012 -6.0790907193E-002 1.0787366121E+000 7.8087516248E-014 -3.9573175123E-013 -5.2899602323E-013 3.4037140406E-014 1.0544012681E+000 2.1957939250E-001 -2.5500988538E-012 5.4640705235E-013 -2.1957939250E-001 1.0544012681E+000
109.00 1.0991431813E+000 -1.7780207797E-002 2.5012440266E-014 -2.5692374158E-012 -1.7780207797E-002 1.0991431813E+000 2.3582056002E-013 -4.8583419072E-013 -5.0089135839E-013 -1.2294390074E-013 1.0755931528E+000 2.2560799371E-001 -2.5284587560E-012 5.6473029630E-013 -2.2560799371E-001 1.0755931528E+000
110.00 1.1231496121E+000 2.6990453721E-002 5.7329439200E-014 -2.5560179506E-012 2.6990453721E-002 1.1231496121E+000 3.8562450094E-013 -5.7637659398E-013 -4.6942244628E-013 -2.7172208315E-013 1.0994202780E+000 2.2806055958E-001 -2.4996602419E-012 5.8243254820E-013 -2.2806055958E-001 1.0994202780E+000
111.00 1.1502064129E+000 7.3447982619E-002 9.4136174163E-014 -2.5378951265E-012 7.3447982619E-002 1.1502064129E+000 5.2701169081E-013 -6.6621164959E-013 -4.3494068317E-013 -4.1188458718E-013 1.1252021565E+000 2.2693675998E-001 -2.4630839023E-012 5.9842525572E-013 -2.2693675998E-001 1.1252021565E+000
112.00 1.1797571515E+000 1.2151636620E-001 1.3503740966E-013 -2.5160330537E-012 1.2151636620E-001 1.1797571515E+000 6.5956562149E-013 -7.5568242242E-013 -3.9801632301E-013 -5.4281703132E-013 1.1522430529E+000 2.2225358553E-001 -2.4196454425E-012 6.1308729777E-013 -2.2225358553E-001 1.1522430529E+000
113.00 1.2112465098E+000 1.7111425420E-001 1.8010923682E-013 -2.4900821218E-012 1.7111425420E-001 1.2112465098E+000 7.8360855093E-013 -8.4373054147E-013 -3.5851844783E-013 -6.6483875701E-013 1.1798400465E+000 2.1404551932E-001 -2.3689564512E-012 6.2566352758E-013 -2.1404551932E-001 1.1798400465E+000
114.00 1.2441279893E+000 2.2215262937E-001 2.2932568870E-013 -2.4613370493E-012 2.2215262937E-001 1.2441279893E+000 8.9915304478E-013 -9.3081110354E-013 -3.1667760895E-013 -7.7767452997E-013 1.2072908407E+000 2.0236474273E-001 -2.3120789980E-012 6.3665649544E-013 -2.0236474273E-001 1.2072908407E+000
115.00 1.2778711816E+000 2.7453262508E-001 2.8202459647E-013 -2.4302453301E-012 2.7453262508E-001 1.2778711816E+000 1.0059108697E-012 -1.0166265081E-012 -2.7311581862E-013 -8.8097979283E-013 1.2339012474E+000 1.8728135567E-001 -2.2492025457E-012 6.4585977095E-013 -1.8728135567E-001 1.2339012474E+000
116.00 1.3119685279E+000 3.2814354181E-001 3.3802791810E-013 -2.3967786591E-012 3.2814354181E-001 1.3119685279E+000 1.1039805567E-012 -1.1003545033E-012 -2.2795348357E-013 -9.7477387463E-013 1.2589922824E+000 1.6888359013E-001 -2.1802566869E-012 6.5271754463E-013 -1.6888359013E-001 1.2589922824E+000
117.00 1.3459415017E+000 3.8286110959E-001 3.9705064901E-013 -2.3616430733E-012 3.8286110959E-001 1.3459415017E+000 1.1935103575E-012 -1.1820170259E-012 -1.8150298062E-013 -1.0590166049E-012 1.2819068177E+000 1.4727799460E-001 -2.1057331487E-012 6.5739125004E-013 -1.4727799460E-001 1.2819068177E+000
118.00 1.3793461575E+000 4.3854603725E-001 4.5897420923E-013 -2.3256685811E-012 4.3854603725E-001 1.3793461575E+000 1.2748571116E-012 -1.2616748508E-012 -1.3394118956E-013 -1.1338381053E-012 1.3020157425E+000 1.2258956643E-001 -2.0262272079E-012 6.6003068237E-013 -1.2258956643E-001 1.3020157425E+000
119.00 1.4117780008E+000 4.9504288286E-001 5.2298253346E-013 -2.2888059330E-012 4.9504288286E-001 1.4117780008E+000 1.3477263394E-012 -1.3386420378E-012 -8.5860233563E-014 -1.1989584420E-012 1.3187235959E+000 9.4961809258E-002 -1.9416102173E-012 6.6023202904E-013 -9.4961809258E-002 1.3187235959E+000
120.00 1.4428761434E+000 5.5217927287E-001 5.8868686298E-013 -2.2517713765E-012 5.5217927287E-001 1.4428761434E+000 1.4123058695E-012 -1.4129349613E-012 -3.7573373947E-014 -1.2544256641E-012 1.3314736382E+000 6.4556692803E-002 -1.8523898006E-012 6.5813562777E-013 -6.4556692803E-002 1.3314736382E+000
121.00 1.4723267181E+000 6.0976549035E-001 6.5665961204E-013 -2.2147411041E-012 6.0976549035E-001 1.4723267181E+000 1.4697833765E-012 -1.4840735175E-012 1.1269976970E-014 -1.3009642896E-012 1.3397523374E+000 3.1554493561E-002 -1.7587140830E-012 6.5356830582E-013 -3.1554493561E-002 1.3397523374E+000
122.00 1.4998655375E+000 6.6759444513E-001 7.2533875407E-013 -2.1783605147E-012 6.6759444513E-001 1.4998655375E+000 1.5192982246E-012 -1.5520196651E-012 5.9582346798E-014 -1.3379547389E-012 1.3430932551E+000 -3.8465037429E-003 -1.6610156926E-012 6.4657683217E-013 3.8465037429E-003 1.3430932551E+000
123.00 1.5252799904E+000 7.2544203174E-001 7.9480040690E-013 -2.1429489817E-012 7.2544203174E-001 1.5252799904E+000 1.5616028096E-012 -1.6165995042E-012 1.0741423925E-013 -1.3658400223E-012 1.3410803199E+000 -4.1430462132E-002 -1.5594873184E-012 6.3724313677E-013 4.1430462132E-002 1.3410803199E+000
124.00 1.5484101793E+000 7.8306787327E-001 8.6507947750E-013 -2.1092105033E-012 7.8306787327E-001 1.5484101793E+000 1.5974671313E-012 -1.6779210068E-012 1.5475476623E-013 -1.3850673154E-012 1.3333504863E+000 -8.0964621617E-002 -1.4545817759E-012 6.2572709979E-013 8.0964621617E-002 1.3333504863E+000
125.00 1.5691493107E+000 8.4021644293E-001 9.3471610661E-013 -2.0768448383E-012 8.4021644293E-001 1.5691493107E+000 1.6262115008E-012 -1.7351456143E-012 2.0070295231E-013 -1.3952419251E-012 1.3195957791E+000 -1.2220011479E-001 -1.3462121316E-012 6.1170598713E-013 1.2220011479E-001 1.3195957791E+000
126.00 1.5874433582E+000 8.9661854787E-001 1.0039105384E-012 -2.0470632200E-012 8.9661854787E-001 1.5874433582E+000 1.6488635868E-012 -1.7889688388E-012 2.4538005888E-013 -1.3970547454E-012 1.2995647333E+000 -1.6487297876E-001 -1.2351194886E-012 5.9567272971E-013 1.6487297876E-001 1.2995647333E+000
127.00 1.6032900267E+000 9.5199315402E-001 1.0726099707E-012 -2.0186415439E-012 9.5199315402E-001 1.6032900267E+000 1.6661208193E-012 -1.8377341693E-012 2.8864576752E-013 -1.3907860254E-012 1.2730632399E+000 -2.0870537016E-001 -1.1206949822E-012 5.7689468974E-013 2.0870537016E-001 1.2730632399E+000
128.00 1.6167370520E+000 1.0060495249E+000 1.1399860745E-012 -1.9939164639E-012 1.0060495249E+000 1.6167370520E+000 1.6779477765E-012 -1.8833627476E-012 3.3020505956E-013 -1.3766209290E-012 1.2399548170E+000 -2.5340698618E-001 -1.0042351078E-012 5.5653500837E-013 2.5340698618E-001 1.2399548170E+000
129.00 1.6278798783E+000 1.0584896427E+000 1.2054765417E-012 -1.9719748837E-012 1.0584896427E+000 1.6278798783E+000 1.6846531294E-012 -1.9245824924E-012 3.6963602739E-013 -1.3547841598E-012 1.2001603262E+000 -2.9867669103E-001 -8.8536998773E-013 5.3412169976E-013 2.9867669103E-001 1.2001603262E+000
130.00 1.6368587589E+000 1.1090108743E+000 1.2689578786E-012 -1.9530581938E-012 1.1090108743E+000 1.6368587589E+000 1.6869140290E-012 -1.9612601678E-012 4.0686692708E-013 -1.3256946337E-012 1.1536571620E+000 -3.4420434330E-001 -7.6433122724E-013 5.0971231115E-013 3.4420434330E-001 1.1536571620E+000
131.00 1.6438553351E+000 1.1573088435E+000 1.3303893629E-012 -1.9375162672E-012 1.1573088435E+000 1.6438553351E+000 1.6854654623E-012 -1.9934366887E-012 4.4187923197E-013 -1.2897819304E-012 1.1004779417E+000 -3.8967281574E-001 -6.4134517621E-013 4.8344800814E-013 3.8967281574E-001 1.1004779417E+000
132.00 1.6490887465E+000 1.2030804658E+000 1.3887073706E-012 -1.9257851377E-012 1.2030804658E+000 1.6490887465E+000 1.6800851555E-012 -2.0212947311E-012 4.7420633756E-013 -1.2472035859E-012 1.0407087294E+000 -4.3476019541E-001 -5.1680584309E-013 4.5563703466E-013 4.3476019541E-001 1.0407087294E+000
133.00 1.6528113362E+000 1.2460271005E+000 1.4438773437E-012 -1.9180168067E-012 1.2460271005E+000 1.6528113362E+000 1.6714784572E-012 -2.0448107388E-012 5.0384638308E-013 -1.1984323074E-012 9.7448682904E-001 -4.7914214802E-001 -3.9078648937E-013 4.2644600920E-013 4.7914214802E-001 9.7448682904E-001
134.00 1.6553040110E+000 1.2858577747E+000 1.4952946674E-012 -1.9141056123E-012 1.2858577747E+000 1.6553040110E+000 1.6598334304E-012 -2.0636091824E-012 5.3054892965E-013 -1.1437056640E-012 9.0199818493E-001 -5.2249442715E-001 -2.6353703509E-013 3.9584684727E-013 5.2249442715E-001 9.0199818493E-001
135.00 1.6568713238E+000 1.3222924312E+000 1.5433965135E-012 -1.9144007629E-012 1.3222924312E+000 1.6568713238E+000 1.6463164484E-012 -2.0779778727E-012 5.5442981928E-013 -1.0837234530E-012 8.2347442848E-001 -5.6449550537E-001 -1.3509608571E-013 3.6405173127E-013 5.6449550537E-001 8.2347442848E-001
136.00 1.6578363437E+000 1.3550651545E+000 1.5873893934E-012 -1.9187579404E-012 1.3550651545E+000 1.6578363437E+000 1.6308422597E-012 -2.0876329760E-012 5.7519782247E-013 -1.0186365715E-012 7.3918961413E-001 -6.0482930150E-001 -5.6973878409E-015 3.3118775538E-013 6.0482930150E-001 7.3918961413E-001
137.00 1.6585353809E+000 1.3839273283E+000 1.6266291595E-012 -1.9273865670E-012 1.3839273283E+000 1.6585353809E+000 1.6134359064E-012 -2.0927283212E-012 5.9272170144E-013 -9.4878329852E-013 6.4945668667E-001 -6.4318797544E-001 1.2437561005E-013 2.9756412729E-013 6.4318797544E-001 6.4945668667E-001
138.00 1.6593126338E+000 1.4086506813E+000 1.6616492638E-012 -1.9404379735E-012 1.4086506813E+000 1.6593126338E+000 1.5952743867E-012 -2.0933898515E-012 6.0714261499E-013 -8.7476707056E-013 5.5462372446E-001 -6.7927475963E-001 2.5508906954E-013 2.6320865238E-013 6.7927475963E-001 5.5462372446E-001
139.00 1.6605148250E+000 1.4290301781E+000 1.6922123091E-012 -1.9581598660E-012 1.4290301781E+000 1.6605148250E+000 1.5767182597E-012 -2.0898809799E-012 6.1843977866E-013 -7.9699947199E-013 4.5507000311E-001 -7.1280679466E-001 3.8626491918E-013 2.2832128673E-013 7.1280679466E-001 4.5507000311E-001
140.00 1.6624858899E+000 1.4448867163E+000 1.7173179808E-012 -1.9801658522E-012 1.4448867163E+000 1.6624858899E+000 1.5573219621E-012 -2.0818749238E-012 6.2637670090E-013 -7.1567671442E-013 3.5120192464E-001 -7.4351793471E-001 5.1764506893E-013 1.9320474054E-013 7.4351793471E-001 3.5120192464E-001
141.00 1.6655617823E+000 1.4560695945E+000 1.7378421196E-012 -2.0060873202E-012 1.4560695945E+000 1.6655617823E+000 1.5384750873E-012 -2.0691065907E-012 6.3097121468E-013 -6.3126887869E-013 2.4344885721E-001 -7.7116148810E-001 6.4934181540E-013 1.5778206120E-013 7.7116148810E-001 2.4344885721E-001
142.00 1.6700654567E+000 1.4624587170E+000 1.7526957646E-012 -2.0369592175E-012 1.4624587170E+000 1.6700654567E+000 1.5195314263E-012 -2.0527138042E-012 6.3245632907E-013 -5.4428438644E-013 1.3225892973E-001 -7.9551285743E-001 7.8090086091E-013 1.2258095286E-013 7.9551285743E-001 1.3225892973E-001
143.00 1.6763020843E+000 1.4639665093E+000 1.7625912168E-012 -2.0715817370E-012 1.4639665093E+000 1.6763020843E+000 1.5016475977E-012 -2.0316619707E-012 6.3062120570E-013 -4.5490354566E-013 1.8094825112E-002 -8.1637204429E-001 9.1240576328E-013 8.7448993024E-014 8.1637204429E-001 1.8094825112E-002
144.00 1.6845545565E+000 1.4605395179E+000 1.7671800413E-012 -2.1108017781E-012 1.4605395179E+000 1.6845545565E+000 1.4848153518E-012 -2.0070025881E-012 6.2572184476E-013 -3.6372748026E-013 -9.8570385460E-002 -8.3356598400E-001 1.0436574343E-012 5.2702559883E-014 8.3356598400E-001 -9.8570385460E-002
145.00 1.6950793254E+000 1.4521596758E+000 1.7659568249E-012 -2.1541064673E-012 1.4521596758E+000 1.6950793254E+000 1.4688464132E-012 -1.9784480598E-012 6.1776199461E-013 -2.7104408327E-013 -2.1725732619E-001 -8.4695067714E-001 1.1743903372E-012 1.8600599452E-014 8.4695067714E-001 -2.1725732619E-001
146.00 1.7081026257E+000 1.4388452197E+000 1.7597379995E-012 -2.2011334943E-012 1.4388452197E+000 1.7081026257E+000 1.4547800152E-012 -1.9458663874E-012 6.0676067750E-013 -1.7707680352E-013 -3.3748427949E-001 -8.5641308644E-001 1.3047231933E-012 -1.4810134066E-014 8.5641308644E-001 -3.3748427949E-001
147.00 1.7238171181E+000 1.4206512462E+000 1.7477995836E-012 -2.2523412019E-012 1.4206512462E+000 1.7238171181E+000 1.4421427088E-012 -1.9100449025E-012 5.9302325396E-013 -8.2446811948E-014 -4.5877099103E-001 -8.6187276963E-001 1.4342799938E-012 -4.7339745021E-014 8.6187276963E-001 -4.5877099103E-001
148.00 1.7423789887E+000 1.3976699033E+000 1.7309163149E-012 -2.3069056523E-012 1.3976699033E+000 1.7423789887E+000 1.4317901661E-012 -1.8704418502E-012 5.7642193058E-013 1.2789656412E-014 -5.8064228312E-001 -8.6328322165E-001 1.5631453355E-012 -7.8821464534E-014 8.6328322165E-001 -5.8064228312E-001
149.00 1.7639055333E+000 1.3700302148E+000 1.7085204716E-012 -2.3648822467E-012 1.3700302148E+000 1.7639055333E+000 1.4232771478E-012 -1.8274327712E-012 5.5731725133E-013 1.0818718927E-013 -7.0263144497E-001 -8.6063290290E-001 1.6909934978E-012 -1.0897334546E-013 8.6063290290E-001 -7.0263144497E-001
150.00 1.7884732501E+000 1.3378975416E+000 1.6809618609E-012 -2.4268757954E-012 1.3378975416E+000 1.7884732501E+000 1.4169601653E-012 -1.7820448342E-012 5.3599704697E-013 2.0314304152E-013 -8.2428337207E-001 -8.5394593317E-001 1.8179385764E-012 -1.3793985653E-013 8.5394593317E-001 -8.2428337207E-001
151.00 1.8161164574E+000 1.3014726865E+000 1.6488965195E-012 -2.4913894824E-012 1.3014726865E+000 1.8161164574E+000 1.4134780817E-012 -1.7330995178E-012 5.1221715965E-013 2.9794541492E-013 -9.4515742988E-001 -8.4328243546E-001 1.9437270062E-012 -1.6535586984E-013 8.4328243546E-001 -9.4515742988E-001
152.00 1.8468264490E+000 1.2609906538E+000 1.6118044881E-012 -2.5589453369E-012 1.2609906538E+000 1.8468264490E+000 1.4122420750E-012 -1.6815742092E-012 4.8654118223E-013 3.9188107027E-013 -1.0648300212E+000 -8.2873851722E-001 2.0681828148E-012 -1.9114460076E-013 8.2873851722E-001 -1.0648300212E+000
153.00 1.8805511901E+000 1.2167190792E+000 1.5702512579E-012 -2.6289820542E-012 1.2167190792E+000 1.8805511901E+000 1.4136506154E-012 -1.6273244891E-012 4.5897912390E-013 4.8485416279E-013 -1.1828968400E+000 -8.1044588146E-001 2.1911977009E-012 -2.1513493928E-013 8.1044588146E-001 -1.1828968400E+000
154.00 1.9171955549E+000 1.1689563479E+000 1.5246733963E-012 -2.7016974428E-012 1.1689563479E+000 1.9171955549E+000 1.4179685231E-012 -1.5709361241E-012 4.2981847561E-013 5.7664938707E-013 -1.2989747992E+000 -7.8857106439E-001 2.3128887201E-012 -2.3738289568E-013 7.8857106439E-001 -1.2989747992E+000
155.00 1.9566220983E+000 1.1180294219E+000 1.4746260095E-012 -2.7765520769E-012 1.1180294219E+000 1.9566220983E+000 1.4245274829E-012 -1.5124067647E-012 3.9949018857E-013 6.6677934863E-013 -1.4127036226E+000 -7.6331430072E-001 2.4327900493E-012 -2.5759387203E-013 7.6331430072E-001 -1.4127036226E+000
156.00 1.9986523473E+000 1.0642914003E+000 1.4211813713E-012 -2.8532560154E-012 1.0642914003E+000 1.9986523473E+000 1.4340700321E-012 -1.4518644830E-012 3.6789403579E-013 7.5536881338E-013 -1.5237470981E+000 -7.3490802267E-001 2.5510084157E-012 -2.7576959355E-013 7.3490802267E-001 -1.5237470981E+000
157.00 2.0430685965E+000 1.0081188387E+000 1.3641778839E-012 -2.9314645465E-012 1.0081188387E+000 2.0430685965E+000 1.4461519947E-012 -1.3894634993E-012 3.3551181854E-013 8.4207185037E-013 -1.6317939896E+000 -7.0361500312E-001 2.6672286489E-012 -2.9170287281E-013 7.0361500312E-001 -1.6317939896E+000
158.00 2.0896161802E+000 9.4990885591E-001 1.3037107941E-012 -3.0114250070E-012 9.4990885591E-001 2.0896161802E+000 1.4604443890E-012 -1.3259205155E-012 3.0286001472E-013 9.2640603578E-013 -1.7365586139E+000 -6.6972615769E-001 2.7815850656E-012 -3.0550309694E-013 6.6972615769E-001 -1.7365586139E+000
159.00 2.1380061942E+000 8.9007605606E-001 1.2409838076E-012 -3.0925122034E-012 8.9007605606E-001 2.1380061942E+000 1.4777516956E-012 -1.2611318600E-012 2.6965744705E-013 1.0087901296E-012 -1.8377810885E+000 -6.3355802532E-001 2.8939591162E-012 -3.1715624297E-013 6.3355802532E-001 -1.8377810885E+000
160.00 2.1879186323E+000 8.2904929795E-001 1.1759251946E-012 -3.1738642492E-012 8.2904929795E-001 2.1879186323E+000 1.4975298561E-012 -1.1947853016E-012 2.3629007378E-013 1.0889444610E-012 -1.9352272631E+000 -5.9544995047E-001 3.0037412194E-012 -3.2617100479E-013 5.9544995047E-001 -1.9352272631E+000
161.00 2.2390058991E+000 7.6726834126E-001 1.1083577897E-012 -3.2560950743E-012 7.6726834126E-001 2.2390058991E+000 1.5191149244E-012 -1.1279067254E-012 2.0362147303E-013 1.1662302894E-012 -2.0286883511E+000 -5.5576099443E-001 3.1112931079E-012 -3.3284385459E-013 5.5576099443E-001 -2.0286883511E+000
162.00 2.2908966555E+000 7.0518040191E-001 1.0396800354E-012 -3.3384782833E-012 7.0518040191E-001 2.2908966555E+000 1.5433645492E-012 -1.0604214836E-012 1.7117599424E-013 1.2412388914E-012 -2.1179802796E+000 -5.1486660642E-001 3.2163602033E-012 -3.3718870534E-013 5.1486660642E-001 -2.1179802796E+000
163.00 2.3431999523E+000 6.4323664755E-001 9.6990467271E-013 -3.4207756251E-012 6.4323664755E-001 2.3431999523E+000 1.5697432986E-012 -9.9251368259E-013 1.3951485903E-013 1.3136663112E-012 -2.2029427805E+000 -4.7315508846E-001 3.3188006548E-012 -3.3902726615E-013 4.7315508846E-001 -2.2029427805E+000
164.00 2.3955096016E+000 5.8188866445E-001 8.9882743235E-013 -3.5028266757E-012 5.8188866445E-001 2.3955096016E+000 1.5974447118E-012 -9.2455003727E-013 1.0941220786E-013 1.3829328520E-012 -2.2834382495E+000 -4.3102389090E-001 3.4184898472E-012 -3.3834523628E-013 4.3102389090E-001 -2.2834382495E+000
165.00 2.4474087344E+000 5.2158492632E-001 8.2789583520E-013 -3.5842349669E-012 5.2158492632E-001 2.4474087344E+000 1.6272997149E-012 -8.5664354629E-013 8.0370839764E-014 1.4497629579E-012 -2.3593503995E+000 -3.8887577741E-001 3.5153834428E-012 -3.3519890213E-013 3.8887577741E-001 -2.3593503995E+000
166.00 2.4984744910E+000 4.6276729484E-001 7.5664944671E-013 -3.6646050815E-012 4.6276729484E-001 2.4984744910E+000 1.6582528923E-012 -7.8895830173E-013 5.3361524614E-014 1.5134657805E-012 -2.4305827406E+000 -3.4711490065E-001 3.6091326948E-012 -3.2941867057E-013 3.4711490065E-001 -2.4305827406E+000
167.00 2.5482827894E+000 4.0586758073E-001 6.8614339845E-013 -3.7439438998E-012 4.0586758073E-001 2.5482827894E+000 1.6907099124E-012 -7.2200922358E-013 2.8203650386E-014 1.5744751323E-012 -2.4970569174E+000 -3.0614283070E-001 3.6999370169E-012 -3.2131926730E-013 3.0614283070E-001 -2.4970569174E+000
168.00 2.5964131154E+000 3.5130419278E-001 6.1648728737E-013 -3.8218167736E-012 3.5130419278E-001 2.5964131154E+000 1.7240896833E-012 -6.5582360580E-013 5.4123788273E-015 1.6325086626E-012 -2.5587109388E+000 -2.6635457940E-001 3.7875243563E-012 -3.1070133835E-013 2.6635457940E-001 -2.5587109388E+000
169.00 2.6424532795E+000 2.9947890117E-001 5.4829692244E-013 -3.8978605710E-012 2.9947890117E-001 2.6424532795E+000 1.7583395545E-012 -5.9058046759E-013 -1.4908053653E-014 1.6877255409E-012 -2.6154973327E+000 -2.2813466419E-001 3.8717107362E-012 -2.9756596670E-013 2.2813466419E-001 -2.6154973327E+000
170.00 2.6860040846E+000 2.5077373975E-001 4.8159843390E-013 -3.9719253575E-012 2.5077373975E-001 2.6860040846E+000 1.7928654269E-012 -5.2662569121E-013 -3.2121501139E-014 1.7398207218E-012 -2.6673812630E+000 -1.9185325456E-001 3.9524557664E-012 -2.8201984470E-013 1.9185325456E-001 -2.6673812630E+000
171.00 2.7266838508E+000 2.0554807016E-001 4.1737562404E-013 -4.0436185313E-012 2.0554807016E-001 2.7266838508E+000 1.8279406419E-012 -4.6401662593E-013 -4.6494982575E-014 1.7892951415E-012 -2.7143386417E+000 -1.5786244377E-001 4.0295751125E-012 -2.6398001617E-013 1.5786244377E-001 -2.7143386417E+000
172.00 2.7641327456E+000 1.6413582941E-001 3.5556897008E-013 -4.1128181877E-012 1.6413582941E-001 2.7641327456E+000 1.8628992337E-012 -4.0310369793E-013 -5.7345757351E-014 1.8358047757E-012 -2.7563542706E+000 -1.2649268706E-001 4.1030522126E-012 -2.4357797291E-013 1.2649268706E-001 -2.7563542706E+000
173.00 2.7980168678E+000 1.2684298034E-001 2.9693666928E-013 -4.1791748028E-012 1.2684298034E-001 2.7980168678E+000 1.8976861352E-012 -3.4404826395E-013 -6.4793101734E-014 1.8795748736E-012 -2.7934200466E+000 -9.8049446020E-002 4.1727037888E-012 -2.2082075855E-013 9.8049446020E-002 -2.7934200466E+000
174.00 2.8280320397E+000 9.3945182704E-002 2.4152192998E-013 -4.2426314086E-012 9.3945182704E-002 2.8280320397E+000 1.9319220381E-012 -2.8715320494E-013 -6.8278980910E-014 1.9205538598E-012 -2.8255332617E+000 -7.2810076563E-002 4.2385954028E-012 -1.9583537102E-013 7.2810076563E-002 -2.8255332617E+000
175.00 2.8539072629E+000 6.5685700984E-002 1.8998076013E-013 -4.3026853806E-012 6.5685700984E-002 2.8539072629E+000 1.9654889388E-012 -2.3243150161E-013 -6.7891408786E-014 1.9589361613E-012 -2.8526950261E+000 -5.1020995144E-002 4.3003761028E-012 -1.6849327152E-013 5.1020995144E-002 -2.8526950261E+000
176.00 2.8754077986E+000 4.2273562712E-002 1.4247276832E-013 -4.3593032116E-012 4.2273562712E-002 2.8754077986E+000 1.9979196899E-012 -1.8026537133E-013 -6.3253021014E-014 1.9945808040E-012 -2.8749088443E+000 -3.2895155058E-002 4.3581328620E-012 -1.3901839791E-013 3.2895155058E-002 -2.8749088443E+000
177.00 2.8923378359E+000 2.3881979675E-002 9.9430474342E-014 -4.4121015523E-012 2.3881979675E-002 2.8923378359E+000 2.0291032889E-012 -1.3064264516E-013 -5.4294004019E-014 2.0277032301E-012 -2.8921793653E+000 -1.8609861035E-002 4.4116138880E-012 -1.0726451652E-013 1.8609861035E-002 -2.8921793653E+000
178.00 2.9045427187E+000 1.0647042176E-002 6.1222990706E-014 -4.4611744285E-012 1.0647042176E-002 2.9045427187E+000 2.0588000176E-012 -8.4037981638E-014 -4.0921180248E-014 2.0583874773E-012 -2.9045113312E+000 -8.3049466939E-003 4.4610315877E-012 -7.3571203302E-014 8.3049466939E-003 -2.9045113312E+000
179.00 2.9119107043E+000 2.6666947710E-003 2.7955440300E-014 -4.5061111609E-012 2.6666947710E-003 2.9119107043E+000 2.0866482679E-012 -4.0400278242E-014 -2.2823723644E-014 2.0865970814E-012 -2.9119087394E+000 -2.0813352959E-003 4.5060935171E-012 -3.7765087300E-014 2.0813352959E-003 -2.9119087394E+000
180.00 2.9143742345E+000 -1.1315818074E-015 1.8700762384E-017 -4.5467520299E-012 -1.1315818074E-015 2.9143742345E+000 2.1125102918E-012 1.0312814721E-017 -1.8700762382E-017 2.1125102918E-012 -2.9143742345E+000 -1.6989448043E-015 4.5467520299E-012 1.0312814718E-017 1.6989448043E-015 -2.9143742345E+000
