theta s11 s12 s13 s14 s21 s22 s23 s24 s31 s32 s33 s34 s41 s42 s43 s44
0.00 1.4154797683E+02 0.0000000000E+00 -3.2311742678E-27 -5.8536241422E-11 0.0000000000E+00 1.4154797683E+02 -7.0426287553E-11 0.0000000000E+00 3.2311742678E-27 7.0426287553E-11 1.4154797683E+02 0.0000000000E+00 -5.8536241422E-11 0.0000000000E+00 0.0000000000E+00 1.4154797683E+02
1.00 1.4140075227E+02 -5.8903789029E-03 2.9091082805E-12 -6.1164330415E-11 -5.8903789029E-03 1.4140075227E+02 -7.3284557001E-11 2.6411533623E-12 2.9017508896E-12 7.3284250000E-11 1.4140075180E+02 9.9513430328E-03 -6.1164424813E-11 -2.6437629445E-12 -9.9513430328E-03 1.4140075180E+02
2.00 1.4095991964E+02 -2.3466973402E-02 5.8024086096E-12 -6.3741912104E-11 -2.3466973402E-02 1.4095991964E+02 -7.6025859022E-11 5.2647464094E-12 5.7717964954E-12 7.6023411040E-11 1.4095991209E+02 3.9706967104E-02 -6.3742664899E-11 -5.2755499708E-12 -3.9706967104E-02 1.4095991209E+02
3.00 1.4022799477E+02 -5.2447620043E-02 8.6679284668E-12 -6.6263653936E-11 -5.2447620043E-02 1.4022799477E+02 -7.8639850562E-11 7.8630097307E-12 8.5964731951E-12 7.8631625037E-11 1.4022795674E+02 8.8972730096E-02 -6.6266185356E-11 -7.8881188356E-12 -8.8972730096E-02 1.4022795674E+02
4.00 1.3920914676E+02 -9.2366899434E-02 1.1494033980E-11 -6.8722484596E-11 -9.2366899434E-02 1.3920914676E+02 -8.1115441835E-11 1.0431777425E-11 1.1362581437E-11 8.1096048432E-11 1.3920902729E+02 1.5726195827E-01 -6.8728458068E-11 -1.0477800926E-11 -1.5726195827E-01 1.3920902729E+02
5.00 1.3790916212E+02 -1.4258333169E-01 1.4268841972E-11 -7.1113421049E-11 -1.4258333169E-01 1.3790916212E+02 -8.3441822755E-11 1.2963614903E-11 1.4056812605E-11 8.3404187479E-11 1.3790887273E+02 2.4390074443E-01 -7.1125027633E-11 -1.3037623965E-11 -2.4390074443E-01 1.3790887273E+02
6.00 1.3633539533E+02 -2.0228928341E-01 1.6981969654E-11 -7.3429526603E-11 -2.0228928341E-01 1.3633539533E+02 -8.5608264734E-11 1.5453759120E-11 1.6667519150E-11 8.5543710763E-11 1.3633480102E+02 3.4803527286E-01 -7.3449465711E-11 -1.5563249922E-11 -3.4803527286E-01 1.3633480102E+02
7.00 1.3449670611E+02 -2.7052342314E-01 1.9621740175E-11 -7.5666900466E-11 -2.7052342314E-01 1.3449670611E+02 -8.7606769187E-11 1.7895776909E-11 1.9181921508E-11 8.7505121952E-11 1.3449561758E+02 4.6864108025E-01 -7.5698355585E-11 -1.8048631749E-11 -4.6864108025E-01 1.3449561758E+02
8.00 1.3240338421E+02 -3.4618552066E-01 2.2178971405E-11 -7.7819345428E-11 -3.4618552066E-01 1.3240338421E+02 -8.9427463577E-11 2.0284417995E-11 2.1589926352E-11 8.9277160500E-11 1.3240155152E+02 6.0453413791E-01 -7.7865963421E-11 -2.0488859223E-11 -6.0453413791E-01 1.3240155152E+02
9.00 1.3006706246E+02 -4.2805334767E-01 2.4641913065E-11 -7.9879950815E-11 -4.2805334767E-01 1.3006706246E+02 -9.1064049019E-11 2.2615002905E-11 2.3879068035E-11 9.0852271586E-11 1.3006417036E+02 7.5438361848E-01 -7.9945799623E-11 -2.2879564541E-11 -7.5438361848E-01 1.3006417036E+02
10.00 1.2750061915E+02 -5.1480140369E-01 2.7001787043E-11 -8.1846445754E-11 -5.1480140369E-01 1.2750061915E+02 -9.2506785667E-11 2.4880270439E-11 2.6040045687E-11 9.2219611665E-11 1.2749628416E+02 9.1672619011E-01 -8.1936001280E-11 -2.5213717990E-11 -9.1672619011E-01 1.2749628416E+02
11.00 1.2471807065E+02 -6.0502116240E-01 2.9250183763E-11 -8.3712687269E-11 -6.0502116240E-01 1.2471807065E+02 -9.3750806249E-11 2.7076574944E-11 2.8064145609E-11 9.3373342899E-11 1.2471184000E+02 1.0899816629E+00 -8.3830792236E-11 -2.7487891054E-11 -1.0899816629E+00 1.2471184000E+02
12.00 1.2173445555E+02 -6.9724251028E-01 3.1377195910E-11 -8.5472425715E-11 -6.9724251028E-01 1.2173445555E+02 -9.4790019066E-11 2.9199778408E-11 2.9941390686E-11 9.4306573813E-11 1.2172580804E+02 1.2724697969E+00 -8.5624236683E-11 -2.9698109572E-11 -1.2724697969E+00 1.2172580804E+02
13.00 1.1856571145E+02 -7.8995603189E-01 3.3376854119E-11 -8.7123649424E-11 -7.8995603189E-01 1.1856571145E+02 -9.5617870447E-11 3.1244215773E-11 3.1665934955E-11 9.5012120479E-11 1.1855406027E+02 1.4624280681E+00 -8.7314639839E-11 -3.1838784794E-11 -1.4624280681E+00 1.1855406027E+02
14.00 1.1522854579E+02 -8.8163578444E-01 3.5239519846E-11 -8.8660105425E-11 -8.8163578444E-01 1.1522854579E+02 -9.6232940269E-11 3.3206595979E-11 3.3228506700E-11 9.5488111051E-11 1.1521324325E+02 1.6580301775E+00 -8.8895967796E-11 -3.3906727243E-11 -1.6580301775E+00 1.1521324325E+02
15.00 1.1174030201E+02 -9.7076219913E-01 3.6961422684E-11 -9.0079793737E-11 -9.7076219913E-01 1.1174030201E+02 -9.6628549311E-11 3.5080805238E-11 3.4625918746E-11 9.5727602014E-11 1.1172064608E+02 1.8574050830E+00 -9.0366489537E-11 -3.5895770287E-11 -1.8574050830E+00 1.1172064608E+02
16.00 1.0811882245E+02 -1.0558447476E+00 3.8533194304E-11 -9.1377300149E-11 -1.0558447476E+00 1.0811882245E+02 -9.6805063961E-11 3.6864579277E-11 3.5849615464E-11 9.5730877534E-11 1.0809406503E+02 2.0586563284E+00 -9.1720899327E-11 -3.7803663273E-11 -2.0586563284E+00 1.0809406503E+02
17.00 1.0438230944E+02 -1.1354440184E+00 3.9952829259E-11 -9.2550228875E-11 -1.1354440184E+00 1.0438230944E+02 -9.6759884594E-11 3.8553772404E-11 3.6898609344E-11 9.5495414564E-11 1.0435166614E+02 2.2598814409E+00 -9.2956996470E-11 -3.9626147481E-11 -2.2598814409E+00 1.0435166614E+02
18.00 1.0054918577E+02 -1.2081928631E+00 4.1212759981E-11 -9.3594861372E-11 -1.2081928631E+00 1.0054918577E+02 -9.6493338583E-11 4.0145534661E-11 3.7766573965E-11 9.5021842009E-11 1.0051184711E+02 2.4591911736E+00 -9.4071087665E-11 -4.1360269202E-11 -2.4591911736E+00 1.0051184711E+02
19.00 9.6637956283E+01 -1.2728162864E+00 4.2312423348E-11 -9.4509096646E-11 -1.2728162864E+00 9.6637956283E+01 -9.6002570160E-11 4.1635976928E-11 3.8454411271E-11 9.4307750201E-11 9.6593099912E+01 2.6547283722E+00 -9.5061210641E-11 -4.3001875545E-11 -2.6547283722E+00 9.6593099912E+01
20.00 9.2667071503E+01 -1.3281497851E+00 4.3246224756E-11 -9.5290757258E-11 -1.3281497851E+00 9.2667071503E+01 -9.5291449851E-11 4.3021431974E-11 3.8958122675E-11 9.3357711924E-11 9.2613875414E+01 2.8446862511E+00 -9.5925152759E-11 -4.4547138268E-11 -2.8446862511E+00 9.2613875414E+01
21.00 8.8654794967E+01 -1.3731558615E+00 4.4012620651E-11 -9.5936356381E-11 -1.3731558615E+00 8.8654794967E+01 -9.4361882367E-11 4.4301017974E-11 3.9278028058E-11 9.2174393842E-11 8.8592451211E+01 3.0273258782E+00 -9.6659400164E-11 -4.5994934865E-11 -3.0273258782E+00 8.8592451211E+01
22.00 8.4619075231E+01 -1.4069384778E+00 4.4609687930E-11 -9.6444486473E-11 -1.4069384778E+00 8.4619075231E+01 -9.3216080483E-11 4.5472489084E-11 3.9414201880E-11 9.0760992147E-11 8.4546803979E+01 3.2009926756E+00 -9.7262468201E-11 -4.7342697754E-11 -3.2009926756E+00 8.4546803979E+01
23.00 8.0577423826E+01 -1.4287552474E+00 4.5036360603E-11 -9.6815051648E-11 -1.4287552474E+00 8.0577423826E+01 -9.1858727715E-11 4.6531953307E-11 3.9367660080E-11 8.9123410618E-11 8.0494487428E+01 3.3641317640E+00 -9.7734179370E-11 -4.8586219150E-11 -3.3641317640E+00 8.0494487428E+01
24.00 7.6546800165E+01 -1.4380272049E+00 4.5294037729E-11 -9.7046230557E-11 -1.4380272049E+00 7.6546800165E+01 -9.0292107453E-11 4.7478424857E-11 3.9142154446E-11 8.7265181237E-11 7.6452516932E+01 3.5153019897E+00 -9.8072633119E-11 -4.9724064005E-11 -3.5153019897E+00 7.6452516932E+01
25.00 7.2543504383E+01 -1.4343460322E+00 4.5386596955E-11 -9.7135314205E-11 -1.4343460322E+00 7.2543504383E+01 -8.8519492551E-11 4.8312539298E-11 3.8744117298E-11 8.5190844073E-11 7.2437261775E+01 3.6531884973E+00 -9.8275094640E-11 -5.0756383875E-11 -3.6531884973E+00 7.2437261775E+01
26.00 6.8583078934E+01 -1.4174786669E+00 4.5304355691E-11 -9.7084055015E-11 -1.4174786669E+00 6.8583078934E+01 -8.6557616478E-11 4.9031441671E-11 3.8166093963E-11 8.2918968399E-11 6.8464345896E+01 3.7766137282E+00 -9.8342588278E-11 -5.1680411541E-11 -3.7766137282E+00 6.8464345896E+01
27.00 6.4680219675E+01 -1.3873692574E+00 4.5061469353E-11 -9.6891894814E-11 -1.3873692574E+00 6.4680219675E+01 -8.4401936407E-11 4.9634334619E-11 3.7425086818E-11 8.0446448586E-11 6.4548557848E+01 3.8845467480E+00 -9.8274966971E-11 -5.2494322625E-11 -3.8845467480E+00 6.4548557848E+01
28.00 6.0848697049E+01 -1.3441384757E+00 4.4655015873E-11 -9.6559674080E-11 -1.3441384757E+00 6.0848697049E+01 -8.2064388177E-11 5.0120196847E-11 3.6520736027E-11 7.7787128424E-11 6.0703770616E+01 3.9761108284E+00 -9.8072529990E-11 -5.3196849416E-11 -3.9761108284E+00 6.0703770616E+01
29.00 5.7101287821E+01 -1.2880802413E+00 4.4090004640E-11 -9.6087104698E-11 -1.2880802413E+00 5.7101287821E+01 -7.9553627913E-11 5.0490128213E-11 3.5460823435E-11 7.4951389746E-11 5.6942871784E+01 4.0505892319E+00 -9.7734784705E-11 -5.3788659378E-11 -4.0505892319E+00 5.6942871784E+01
30.00 5.3449717726E+01 -1.2196559488E+00 4.3369759787E-11 -9.5474852882E-11 -1.2196559488E+00 5.3449717726E+01 -7.6878974870E-11 5.0744643343E-11 3.4251448893E-11 7.1950432152E-11 5.3277704436E+01 4.1074291703E+00 -9.7262042077E-11 -5.4269824966E-11 -4.1074291703E+00 5.3277704436E+01
31.00 4.9904615239E+01 -1.1394863302E+00 4.2499059144E-11 -9.4725840554E-11 -1.1394863302E+00 4.9904615239E+01 -7.4049774530E-11 5.0882156383E-11 3.2900029704E-11 6.8795704906E-11 4.9719019040E+01 4.1462439333E+00 -9.6656948301E-11 -5.4638234281E-11 -4.1462439333E+00 4.9719019040E+01
32.00 4.6475476549E+01 -1.0483411214E+00 4.1485963187E-11 -9.3839661006E-11 -1.0483411214E+00 4.6475476549E+01 -7.1073659237E-11 5.0906352109E-11 3.1417590765E-11 6.5496521768E-11 4.6276436435E+01 4.1668132027E+00 -9.5918945282E-11 -5.4896897116E-11 -4.1668132027E+00 4.6276436435E+01
33.00 4.3170641703E+01 -9.4712672936E-01 4.0335078483E-11 -9.2819393813E-11 -9.4712672936E-01 4.3170641703E+01 -6.7962845944E-11 5.0816826757E-11 2.9811328105E-11 6.2067226781E-11 4.2958421929E+01 4.1690815933E+00 -9.5050714024E-11 -5.5045006730E-11 -4.1690815933E+00 4.2958421929E+01
34.00 3.9997281755E+01 -8.3687212921E-01 3.9051185913E-11 -9.1669552263E-11 -8.3687212921E-01 3.9997281755E+01 -6.4730184109E-11 5.0613049807E-11 2.8088415158E-11 5.8522879692E-11 3.9772270395E+01 4.1531554798E+00 -9.4056280358E-11 -5.5081676679E-11 -4.1531554798E+00 3.9772270395E+01
35.00 3.6961396651E+01 -7.1871324002E-01 3.7643730676E-11 -9.0389016032E-11 -7.1871324002E-01 3.6961396651E+01 -6.1385183440E-11 5.0300171597E-11 2.6261286682E-11 5.4874549895E-11 3.6724102114E+01 4.1192981899E+00 -9.2934360525E-11 -5.5011431980E-11 -4.1192981899E+00 3.6724102114E+01
36.00 3.4067823456E+01 -5.9387604995E-01 3.6120103424E-11 -8.8982786863E-11 -5.9387604995E-01 3.4067823456E+01 -5.7939522415E-11 4.9878995348E-11 2.4339607411E-11 5.1135948498E-11 3.3818869043E+01 4.0679236613E+00 -9.1689630238E-11 -5.4834512478E-11 -4.0679236613E+00 3.3818869043E+01
37.00 3.1320254457E+01 -4.6365877293E-01 3.4485289377E-11 -8.7456605530E-11 -4.6365877293E-01 3.1320254457E+01 -5.4408336366E-11 4.9348955208E-11 2.2330375309E-11 4.7324453294E-11 3.1060371057E+01 3.9995886781E+00 -9.0327136603E-11 -5.4550222738E-11 -3.9995886781E+00 3.1060371057E+01
38.00 2.8721264553E+01 -3.2941332938E-01 3.2752312447E-11 -8.5809866796E-11 -3.2941332938E-01 2.8721264553E+01 -5.0800105139E-11 4.8716985168E-11 2.0249390527E-11 4.3449739760E-11 2.8451281626E+01 3.9149838131E+00 -8.8846468523E-11 -5.4164573444E-11 -3.9149838131E+00 2.8451281626E+01
39.00 2.6272347303E+01 -1.9252644624E-01 3.0926838325E-11 -8.4048015387E-11 -1.9252644624E-01 2.6272347303E+01 -4.7129612456E-11 4.7984816643E-11 1.8104204694E-11 3.9528431472E-11 2.5993182322E+01 3.8149232190E+00 -8.7252358212E-11 -5.3679084622E-11 -3.8149232190E+00 2.5993182322E+01
40.00 2.3973958888E+01 -5.4400670889E-02 2.9017358928E-11 -8.2179282407E-11 -5.4400670889E-02 2.3973958888E+01 -4.3410320914E-11 4.7151022413E-11 1.5904616232E-11 3.5576244305E-11 2.3686605454E+01 3.7003334187E+00 -8.5552574325E-11 -5.3092032665E-11 -3.7003334187E+00 2.3686605454E+01
41.00 2.1825569233E+01 8.3564412847E-02 2.7035666612E-11 -8.0202397983E-11 8.3564412847E-02 2.1825569233E+01 -3.9653065149E-11 4.6225439292E-11 1.3664977421E-11 3.1604534898E-11 2.1531084082E+01 3.5722412531E+00 -8.3745917330E-11 -5.2412484709E-11 -3.5722412531E+00 2.1531084082E+01
42.00 1.9825719452E+01 2.1999048931E-01 2.4990749643E-11 -7.8125526157E-11 2.1999048931E-01 1.9825719452E+01 -3.5870627587E-11 4.5208002456E-11 1.1395266418E-11 2.7628014797E-11 1.9525208612E+01 3.4317611511E+00 -8.1840146166E-11 -5.1639949886E-11 -3.4317611511E+00 1.9525208612E+01
43.00 1.7972084770E+01 3.5353807366E-01 2.2890736164E-11 -7.5954460648E-11 3.5353807366E-01 1.7972084770E+01 -3.2077543419E-11 4.4101867886E-11 9.1048022004E-12 2.3662538260E-11 1.7666689124E+01 3.2800818904E+00 -7.9840437660E-11 -5.0777503289E-11 -3.2800818904E+00 1.7666689124E+01
44.00 1.6261542039E+01 4.8292308928E-01 2.0746050033E-11 -7.3692680265E-11 4.8292308928E-01 1.6261542039E+01 -2.8285845268E-11 4.2912996342E-11 6.8053981859E-12 1.9720889727E-11 1.5952422561E+01 3.1184530143E+00 -7.7750110028E-11 -4.9830554312E-11 -3.1184530143E+00 1.5952422561E+01
45.00 1.4690240956E+01 6.0693223898E-01 1.8565921580E-11 -7.1345668234E-11 6.0693223898E-01 1.4690240956E+01 -2.4508630075E-11 4.1645638197E-11 4.5072045478E-12 1.5817031608E-11 1.4378563903E+01 2.9481710750E+00 -7.5574247565E-11 -4.8803049167E-11 -2.9481710750E+00 1.4378563903E+01
46.00 1.3253678105E+01 7.2443697440E-01 1.6361235340E-11 -6.8919944854E-11 7.2443697440E-01 1.3253678105E+01 -2.0757435575E-11 4.0303597438E-11 2.2215496594E-12 1.1963417224E-11 1.2940600418E+01 2.7705658642E+00 -7.3319250986E-11 -4.7698289005E-11 -2.7705658642E+00 1.2940600418E+01
47.00 1.1946772933E+01 8.3440589623E-01 1.4140838356E-11 -6.6423671797E-11 8.3440589623E-01 1.1946772933E+01 -1.7044889658E-11 3.8889346823E-11 -4.2739772258E-14 8.1736390472E-12 1.1633428113E+01 2.5869867894E+00 -7.0992612785E-11 -4.6518669335E-11 -2.5869867894E+00 1.1633428113E+01
48.00 1.0763944810E+01 9.3591544727E-01 1.1915464617E-11 -6.3858383244E-11 9.3591544727E-01 1.0763944810E+01 -1.3382232212E-11 3.7411990314E-11 -2.2739193008E-12 4.4585670102E-12 1.0451429513E+01 2.3987895461E+00 -6.8596158814E-11 -4.5272449060E-11 -2.3987895461E+00 1.0451429513E+01
49.00 9.6991903431E+00 1.0281587919E+00 9.6937524258E-12 -6.1234822300E-11 1.0281587919E+00 9.6991903431E+00 -9.7819808445E-12 3.5872196220E-11 -4.4642482004E-12 8.3173406196E-13 9.3885519107E+00 2.2073232273E+00 -6.6139749580E-11 -4.3960590506E-11 -2.2073232273E+00 9.3885519107E+00
50.00 8.7461601537E+00 1.1104528074E+00 7.4849170668E-12 -5.8556287610E-11 1.1104528074E+00 8.7461601537E+00 -6.2552969164E-12 3.4278141118E-11 -6.6041637902E-12 -2.6963114910E-12 8.4383852892E+00 2.0139179994E+00 -6.3626708754E-11 -4.2590607491E-11 -2.0139179994E+00 8.4383852892E+00
51.00 7.8982343769E+00 1.1822431437E+00 5.2996861373E-12 -5.5831619763E-11 1.1822431437E+00 7.8982343769E+00 -2.8113500980E-12 3.2632560191E-11 -8.6841866556E-12 -6.1157827465E-12 7.5942391324E+00 1.8198734632E+00 -6.1065593294E-11 -4.1164914905E-11 -1.8198734632E+00 7.5942391324E+00
52.00 7.1485961880E+00 1.2431073427E+00 3.1447103661E-12 -5.3065366921E-11 1.2431073427E+00 7.1485961880E+00 5.3723413470E-13 3.0942833554E-11 -1.0697659343E-11 -9.4151179101E-12 6.8492174100E+00 1.6264478056E+00 -5.8460541511E-11 -3.9690749339E-11 -1.6264478056E+00 6.8492174100E+00
53.00 6.4903027222E+00 1.2927560344E+00 1.0303770795E-12 -5.0265855664E-11 1.2927560344E+00 6.4903027222E+00 3.7823538333E-12 2.9212676736E-11 -1.2635779347E-11 -1.2586052550E-11 6.1962910650E+00 1.4348478315E+00 -5.5819692742E-11 -3.8171469172E-11 -1.4348478315E+00 6.1962910650E+00
54.00 5.9163528159E+00 1.3310322618E+00 -1.0359891605E-12 -4.7439682898E-11 1.3310322618E+00 5.9163528159E+00 6.9140439994E-12 2.7447593550E-11 -1.4492238139E-11 -1.5619446298E-11 5.6283674001E+00 1.2462199526E+00 -5.3149163235E-11 -3.6612416273E-11 -1.2462199526E+00 5.6283674001E+00
55.00 5.4197510613E+00 1.3579090108E+00 -3.0460742828E-12 -4.4592886247E-11 1.3579090108E+00 5.4197510613E+00 9.9237628233E-12 2.5653769994E-11 -1.6259995843E-11 -1.8507592483E-11 5.1383558204E+00 1.0616421943E+00 -5.0454958629E-11 -3.5019312480E-11 -1.0616421943E+00 5.1383558204E+00
56.00 4.9935677348E+00 1.3734850467E+00 -4.9922526159E-12 -4.1732417520E-11 1.3734850467E+00 4.9935677348E+00 1.2803637002E-11 2.3836503673E-11 -1.7933082443E-11 -2.1243471318E-11 4.7192294579E+00 8.8211726661E-01 -4.7743737685E-11 -3.3397150028E-11 -8.8211726661E-01 4.7192294579E+00
57.00 4.6309942293E+00 1.3779791844E+00 -6.8677730548E-12 -3.8865697744E-11 1.3779791844E+00 4.6309942293E+00 1.5545848278E-11 2.2000686116E-11 -1.9506479472E-11 -2.3820335831E-11 4.3640822760E+00 7.0856672755E-01 -4.5022447958E-11 -3.1750747752E-11 -7.0856672755E-01 4.3640822760E+00
58.00 4.3253936905E+00 1.3717231359E+00 -8.6652752780E-12 -3.5998862088E-11 1.3717231359E+00 4.3253936905E+00 1.8144347485E-11 2.0152180719E-11 -2.0974824026E-11 -2.6233181753E-11 4.0661813196E+00 5.4182625693E-01 -4.2297118491E-11 -3.0085417012E-11 -5.4182625693E-01 4.0661813196E+00
59.00 4.0703466251E+00 1.3551530980E+00 -1.0377876155E-11 -3.3138510236E-11 1.3551530980E+00 4.0703466251E+00 2.0593722841E-11 1.8296648261E-11 -2.2333497427E-11 -2.8477694528E-11 3.8190138517E+00 3.8264203911E-01 -3.9574155462E-11 -2.8406467329E-11 -3.8264203911E-01 3.8190138517E+00
60.00 3.8596913191E+00 1.3288002550E+00 -1.2001969777E-11 -3.0291333410E-11 1.3288002550E+00 3.8596913191E+00 2.2886467460E-11 1.6439397895E-11 -2.3580452465E-11 -3.0548349123E-11 3.6163291867E+00 2.3166824247E-01 -3.6859761338E-11 -2.6719097063E-11 -2.3166824247E-01 3.6163291867E+00
61.00 3.6875589689E+00 1.2932803830E+00 -1.3532413940E-11 -2.7465063634E-11 1.2932803830E+00 3.6875589689E+00 2.5017926858E-11 1.4584274691E-11 -2.4712824994E-11 -3.2441966985E-11 3.4521750987E+00 8.9465568738E-02 -3.4160970338E-11 -2.5027108840E-11 -8.9465568738E-02 3.4521750987E+00
62.00 3.5484034927E+00 1.2492827471E+00 -1.4960830392E-11 -2.4662248994E-11 1.2492827471E+00 3.5484034927E+00 2.6987731648E-11 1.2740585936E-11 -2.5725622305E-11 -3.4158659102E-11 3.3209287538E+00 -4.3499166236E-02 -3.1481328128E-11 -2.3338270931E-11 4.3499166236E-02 3.3209287538E+00
63.00 3.4370260479E+00 1.1975584871E+00 -1.6287834109E-11 -2.1894172200E-11 1.1975584871E+00 3.4370260479E+00 2.8788020550E-11 1.0908315937E-11 -2.6620481909E-11 -3.5693602480E-11 3.2173221749E+00 -1.6685247014E-01 -2.8830149608E-11 -2.1653810126E-11 1.6685247014E-01 3.2173221749E+00
64.00 3.3485943391E+00 1.1389086881E+00 -1.7507188190E-11 -1.9162895907E-11 1.1389086881E+00 3.3485943391E+00 3.0418976414E-11 9.0964800673E-12 -2.7394496978E-11 -3.7047767628E-11 3.1364623135E+00 -2.8031268977E-01 -2.6210373934E-11 -1.9981164581E-11 2.8031268977E-01 3.1364623135E+00
65.00 3.2786568508E+00 1.0741723272E+00 -1.8617256400E-11 -1.6476463105E-11 1.0741723272E+00 3.2786568508E+00 3.1877345952E-11 7.3079210455E-12 -2.8047975423E-11 -3.8220055703E-11 3.0738458528E+00 -3.8368767274E-01 -2.3629128163E-11 -1.8323394549E-11 3.8368767274E-01 3.0738458528E+00
66.00 3.2231521870E+00 1.0042142828E+00 -1.9614927507E-11 -1.3840340376E-11 1.0042142828E+00 3.2231521870E+00 3.3163025150E-11 5.5474599124E-12 -2.8580558499E-11 -3.9211913387E-11 3.0253689235E+00 -4.7687165084E-01 -2.1091516954E-11 -1.6684915519E-11 4.7687165084E-01 3.0253689235E+00
67.00 3.1784137432E+00 9.2991358282E-01 -2.0498454220E-11 -1.1258145195E-11 9.2991358282E-01 3.1784137432E+00 3.4275394192E-11 3.8216252382E-12 -2.8993071220E-11 -4.0024218791E-11 2.9873319583E+00 -5.5984142609E-01 -1.8601329796E-11 -1.5071316033E-11 5.5984142609E-01 2.9873319583E+00
68.00 3.1411699714E+00 8.5215205794E-01 -2.1266908459E-11 -8.7375190083E-12 8.5215205794E-01 3.1411699714E+00 3.5214549513E-11 2.1323192351E-12 -2.9286642884E-11 -4.0659168157E-11 2.9564399496E+00 -6.3265194542E-01 -1.6165166541E-11 -1.3484723001E-11 6.3265194542E-01 2.9564399496E+00
69.00 3.1085405326E+00 7.7180355035E-01 -2.1919589654E-11 -6.2814132373E-12 7.7180355035E-01 3.1085405326E+00 3.5981581022E-11 4.8589848488E-13 -2.9463225247E-11 -4.1119197431E-11 2.9297984157E+00 -6.9543135251E-01 -1.3786169107E-11 -1.1930524322E-11 6.9543135251E-01 2.9297984157E+00
70.00 3.0780286557E+00 6.8972381416E-01 -2.2456201958E-11 -3.8960747186E-12 6.8972381416E-01 3.0780286557E+00 3.6578312026E-11 -1.1152809712E-12 -2.9524577016E-11 -4.1407993082E-11 2.9049054057E+00 -7.4837560713E-01 -1.1469725302E-11 -1.0411038043E-11 7.4837560713E-01 2.9049054057E+00
71.00 3.0475100451E+00 6.0674122559E-01 -2.2878447922E-11 -1.5850480317E-12 6.0674122559E-01 3.0475100451E+00 3.7005969367E-11 -2.6664413479E-12 -2.9474477606E-11 -4.1528454505E-11 2.8796399007E+00 -7.9174276261E-01 -9.2194910298E-12 -8.9301306329E-12 7.9174276261E-01 2.8796399007E+00
72.00 3.0152186930E+00 5.2364840286E-01 -2.3185541970E-11 6.4710507259E-13 5.2364840286E-01 3.0152186930E+00 3.7269300534E-11 -4.1644943600E-12 -2.9314510759E-11 -4.1486537030E-11 2.8522469852E+00 -8.2584699102E-01 -7.0391542093E-12 -7.4908712696E-12 8.2584699102E-01 2.8522469852E+00
73.00 2.9797299660E+00 4.4119481609E-01 -2.3380268578E-11 2.7972620628E-12 4.4119481609E-01 2.9797299660E+00 3.7370576121E-11 -5.6054497359E-12 -2.9049287500E-11 -4.1286052295E-11 2.8213201773E+00 -8.5105244333E-01 -4.9318351952E-12 -6.0963416159E-12 8.5105244333E-01 2.8213201773E+00
74.00 2.9399413378E+00 3.6008044778E-01 -2.3464436219E-11 4.8613887203E-12 3.6008044778E-01 2.9399413378E+00 3.7314429203E-11 -6.9865791419E-12 -2.8682375811E-11 -4.0932968215E-11 2.7857813131E+00 -8.6776702879E-01 -2.9010503423E-12 -4.7489931419E-12 8.6776702879E-01 2.7857813131E+00
75.00 2.8950511465E+00 2.8095054457E-01 -2.3440240675E-11 6.8366896137E-12 2.8095054457E-01 2.8950511465E+00 3.7105838675E-11 -8.3047207133E-12 -2.8217752122E-11 -4.0433352290E-11 2.7448583810E+00 -8.7643619303E-01 -9.4914817933E-13 -3.4515042836E-12 8.7643619303E-01 2.7448583810E+00
76.00 2.8445357463E+00 2.0439148081E-01 -2.3311597128E-11 8.7193797904E-12 2.0439148081E-01 2.8445357463E+00 3.6749088155E-11 -9.5582209952E-12 -2.7660418702E-11 -3.9792979163E-11 2.6980617029E+00 -8.7753676954E-01 9.2035403358E-13 -2.2048918079E-12 8.7753676954E-01 2.6980617029E+00
77.00 2.7881254218E+00 1.3092773577E-01 -2.3081099343E-11 1.0508515530E-11 1.3092773577E-01 2.7881254218E+00 3.6250924775E-11 -1.0743247982E-11 -2.7014840843E-11 -3.9019030002E-11 2.6451588487E+00 -8.7157097292E-01 2.7069441653E-12 -1.0125951365E-12 8.7157097292E-01 2.6451588487E+00
78.00 2.7257794182E+00 6.1019967476E-02 -2.2753570376E-11 1.2200252943E-11 6.1019967476E-02 2.7257794182E+00 3.5616639261E-11 -1.1859392093E-11 -2.6286369338E-11 -3.8118217877E-11 2.5861486603E+00 -8.5906059579E-01 4.4070451783E-12 1.2554845124E-13 8.5906059579E-01 2.5861486603E+00
79.00 2.6576604307E+00 -4.9358510039E-03 -2.2332373608E-11 1.3794256127E-11 -4.9358510039E-03 2.6576604307E+00 3.4853519094E-11 -1.2903294550E-11 -2.5479812835E-11 -3.7098002359E-11 2.5212347470E+00 -8.4054146407E-01 6.0208279986E-12 1.2065832997E-12 8.4054146407E-01 2.5212347470E+00
80.00 2.5841088761E+00 -6.6608282731E-02 -2.1823152879E-11 1.5288198421E-11 -6.6608282731E-02 2.5841088761E+00 3.3967808332E-11 -1.3874508919E-11 -2.4601229422E-11 -3.5965575179E-11 2.4507987943E+00 -8.1655819779E-01 7.5460607005E-12 2.2306750630E-12 8.1655819779E-01 2.4507987943E+00
81.00 2.5056172537E+00 -1.2372933009E-01 -2.1230201732E-11 1.6680863058E-11 -1.2372933009E-01 2.5056172537E+00 3.2967527694E-11 -1.4771783406E-11 -2.3655435284E-11 -3.4729354579E-11 2.3753740075E+00 -7.8765931686E-01 8.9820513979E-12 3.1968117999E-12 7.8765931686E-01 2.3753740075E+00
82.00 2.4228048779E+00 -1.7609246691E-01 -2.0559634510E-11 1.7971649849E-11 -1.7609246691E-01 2.4228048779E+00 3.1859334984E-11 -1.5593978726E-11 -2.2648932043E-11 -3.3396239556E-11 2.2956189880E+00 -7.5439272331E-01 1.0328207483E-11 4.1046077369E-12 7.5439272331E-01 2.2956189880E+00
83.00 2.3363932446E+00 -2.2354988731E-01 -1.9816237758E-11 1.9160465827E-11 -2.2354988731E-01 2.3363932446E+00 3.0651952999E-11 -1.6340097085E-11 -2.1586750646E-11 -3.1974986240E-11 2.2122923133E+00 -7.1730158373E-01 1.1584972510E-11 4.9531719353E-12 7.1730158373E-01 2.2122923133E+00
84.00 2.2471822677E+00 -2.6600906763E-01 -1.9005914109E-11 2.0246870634E-11 -2.6600906763E-01 2.2471822677E+00 2.9353501216E-11 -1.7010130993E-11 -2.0474578004E-11 -3.0473862409E-11 2.1262280649E+00 -6.7692062769E-01 1.2752110572E-11 5.7428587700E-12 6.7692062769E-01 2.1262280649E+00
85.00 2.1560275949E+00 -3.0342874453E-01 -1.8135669237E-11 2.1230772886E-11 -3.0342874453E-01 2.1560275949E+00 2.7971101360E-11 -1.7604308158E-11 -1.9319134402E-11 -2.8899907641E-11 2.0383125214E+00 -6.3377287079E-01 1.3829349284E-11 6.4746548160E-12 6.3377287079E-01 2.0383125214E+00
86.00 2.0638191893E+00 -3.3581441693E-01 -1.7210676509E-11 2.2113432707E-11 -3.3581441693E-01 2.0638191893E+00 2.6514340280E-11 -1.8121996251E-11 -1.8125287454E-11 -2.7262248510E-11 1.9494622016E+00 -5.8836676341E-01 1.4818539400E-11 7.1477729457E-12 5.8836676341E-01 1.9494622016E+00
87.00 1.9714613340E+00 -3.6321348195E-01 -1.6237651597E-11 2.2895289584E-11 -3.6321348195E-01 1.9714613340E+00 2.4991203820E-11 -1.8564140527E-11 -1.6899010782E-11 -2.5568631145E-11 1.8606034162E+00 -5.4119375996E-01 1.5720057582E-11 7.7636231598E-12 5.4119375996E-01 1.8606034162E+00
88.00 1.8798541896E+00 -3.8571011529E-01 -1.5223196895E-11 2.3577125203E-11 -3.8571011529E-01 1.8798541896E+00 2.3410043101E-11 -1.8931687206E-11 -1.5646013025E-11 -2.3826958876E-11 1.7726534567E+00 -4.9272629689E-01 1.6534654401E-11 8.3235144255E-12 4.9272629689E-01 1.7726534567E+00
89.00 1.7898770124E+00 -4.0342000537E-01 -1.4173425089E-11 2.4161244577E-11 -4.0342000537E-01 1.7898770124E+00 2.1779973906E-11 -1.9224917600E-11 -1.4371599435E-11 -2.2045565626E-11 1.6865035208E+00 -4.4341616237E-01 1.7264915293E-11 8.8275822556E-12 4.4341616237E-01 1.6865035208E+00
90.00 1.7023731099E+00 -4.1648504687E-01 -1.3095670242E-11 2.4648535597E-11 -4.1648504687E-01 1.7023731099E+00 2.0108616067E-11 -1.9445824863E-11 -1.3081900225E-11 -2.0231437237E-11 1.6030034458E+00 -3.9369323558E-01 1.7911286072E-11 9.2784097846E-12 3.9369323558E-01 1.6030034458E+00
91.00 1.6181365893E+00 -4.2506809435E-01 -1.1995513400E-11 2.5041294514E-11 -4.2506809435E-01 1.6181365893E+00 1.8405348792E-11 -1.9595516142E-11 -1.1781135037E-11 -1.8393239127E-11 1.5229482958E+00 -3.4396456923E-01 1.8476341732E-11 9.6768510024E-12 3.4396456923E-01 1.5229482958E+00
92.00 1.5379009291E+00 -4.2934787022E-01 -1.0879893107E-11 2.5342142802E-11 -4.2934787022E-01 1.5379009291E+00 1.6678128440E-11 -1.9675170975E-11 -1.0475062253E-11 -1.6537799537E-11 1.4470668235E+00 -2.9461378544E-01 1.8962575895E-11 1.0024143132E-11 2.9461378544E-01 1.4470668235E+00
93.00 1.4623293811E+00 -4.2951411321E-01 -9.7550620683E-12 2.5553508460E-11 -4.2951411321E-01 1.4623293811E+00 1.4935443157E-11 -1.9686941665E-11 -9.1683173430E-12 -1.4672772824E-11 1.3760118005E+00 -2.4600075261E-01 1.9372227727E-11 1.0322358814E-11 2.4600075261E-01 1.3760118005E+00
94.00 1.3920071879E+00 -4.2576304430E-01 -8.6275486080E-12 2.5677735545E-11 -4.2576304430E-01 1.3920071879E+00 1.3185038042E-11 -1.9633176540E-11 -7.8658538908E-12 -1.2804878888E-11 1.3103521934E+00 -1.9846150843E-01 1.9707253008E-11 1.0573963625E-11 1.9846150843E-01 1.3103521934E+00
95.00 1.3274355847E+00 -4.1829321727E-01 -7.5034446191E-12 2.5718397566E-11 -4.1829321727E-01 1.3274355847E+00 1.1434916527E-11 -1.9515430218E-11 -6.5721979515E-12 -1.0940936806E-11 1.2505671390E+00 -1.5230839351E-01 1.9971213322E-11 1.0780107946E-11 1.5230839351E-01 1.2505671390E+00
96.00 1.2690275302E+00 -4.0730180982E-01 -6.3885240980E-12 2.5677777699E-11 -4.0730180982E-01 1.2690275302E+00 9.6929612329E-12 -1.9337109544E-11 -5.2911528318E-12 -9.0879901461E-12 1.1970416542E+00 -1.0783035910E-01 2.0165731165E-11 1.0944278965E-11 1.0783035910E-01 1.1970416542E+00
97.00 1.2171051002E+00 -3.9298140026E-01 -5.2891584423E-12 2.5560222885E-11 -3.9298140026E-01 1.2171051002E+00 7.9659550394E-12 -1.9099771100E-11 -4.0277102079E-12 -7.2513312090E-12 1.1500640043E+00 -6.5293413051E-02 2.0295079063E-11 1.1067447052E-11 6.5293413051E-02 1.1500640043E+00
98.00 1.1718984587E+00 -3.7551726276E-01 -4.2103548349E-12 2.5368719298E-11 -3.7551726276E-01 1.1718984587E+00 6.2616652133E-12 -1.8806464186E-11 -2.7847556697E-12 -5.4379128417E-12 1.1098246352E+00 -2.4941168540E-02 2.0361735822E-11 1.1152434420E-11 2.4941168540E-02 1.1098246352E+00
99.00 1.1335463123E+00 -3.5508520277E-01 -3.1577278795E-12 2.5106915649E-11 -3.5508520277E-01 1.1335463123E+00 4.5864780111E-12 -1.8460240269E-11 -1.5662654838E-12 -3.6529044069E-12 1.0764165657E+00 1.3004537826E-02 2.0368751974E-11 1.1201934052E-11 -1.3004537826E-02 1.0764165657E+00
100.00 1.1020977380E+00 -3.3184994227E-01 -2.1362587392E-12 2.4778594606E-11 -3.3184994227E-01 1.1020977380E+00 2.9470243418E-12 -1.8063864381E-11 -3.7538607974E-13 -1.9018844050E-12 1.0498371279E+00 4.8342990348E-02 2.0319426159E-11 1.1218227428E-11 -4.8342990348E-02 1.0498371279E+00
101.00 1.0775152690E+00 -3.0596405355E-01 -1.1508927778E-12 2.4387733293E-11 -3.0596405355E-01 1.0775152690E+00 1.3492028200E-12 -1.7620392652E-11 7.8461608112E-13 -1.8964759728E-13 1.0299909344E+00 8.0893929910E-02 2.0217146447E-11 1.1203801264E-11 -8.0893929910E-02 1.0299909344E+00
102.00 1.0596791148E+00 -2.7756742928E-01 -2.0587961873E-13 2.3938197026E-11 -2.7756742928E-01 1.0596791148E+00 -2.0104210271E-13 -1.7132969624E-11 1.9112559572E-12 1.4787835440E-12 1.0166939472E+00 1.1049690698E-01 2.0065099518E-11 1.1161259787E-11 -1.1049690698E-01 1.0166939472E+00
103.00 1.0483923848E+00 -2.4678726673E-01 6.9428299055E-13 2.3434147867E-11 -2.4678726673E-01 1.0483923848E+00 -1.6987800440E-12 -1.6604774763E-11 3.0015579015E-12 3.0995139660E-12 1.0096785195E+00 1.3701067445E-01 1.9866808426E-11 1.1093039417E-11 -1.3701067445E-01 1.0096785195E+00
104.00 1.0433871823E+00 -2.1373853459E-01 1.5462902976E-12 2.2880001223E-11 -2.1373853459E-01 1.0433871823E+00 -3.1385103586E-12 -1.6038793098E-11 4.0539803970E-12 4.6677099307E-12 1.0085992805E+00 1.6031263926E-01 1.9625918795E-11 1.1001435873E-11 -1.6031263926E-01 1.0085992805E+00
105.00 1.0443314335E+00 -1.7852488282E-01 2.3461971394E-12 2.2279505852E-11 -1.7852488282E-01 1.0443314335E+00 -4.5163419535E-12 -1.5438560398E-11 5.0658162077E-12 6.1804202581E-12 1.0130397330E+00 1.8029838755E-01 1.9345403705E-11 1.0889215470E-11 -1.8029838755E-01 1.0130397330E+00
106.00 1.0508363156E+00 -1.4123994856E-01 3.0911600897E-12 2.1636920912E-11 -1.4123994856E-01 1.0508363156E+00 -5.8279681769E-12 -1.4807461644E-11 6.0356259468E-12 7.6339686080E-12 1.0225194350E+00 1.9688129445E-01 1.9028641037E-11 1.0758949749E-11 -1.9688129445E-01 1.0225194350E+00
107.00 1.0624641475E+00 -1.0196900539E-01 3.7784416724E-12 2.0956576404E-11 -1.0196900539E-01 1.0624641475E+00 -7.0697139481E-12 -1.4148566508E-11 6.9619174427E-12 9.0252073882E-12 1.0365016411E+00 2.0999222498E-01 1.8679128451E-11 1.0612814860E-11 -2.0999222498E-01 1.0365016411E+00
108.00 1.0787366119E+00 -6.0790898141E-02 4.4053397988E-12 2.0242329911E-11 -6.0790898141E-02 1.0787366119E+00 -8.2389246917E-12 -1.3465471557E-11 7.8429573140E-12 1.0352009398E-11 1.0544012817E+00 2.1957932899E-01 1.8299876248E-11 1.0453383037E-11 -2.1957932899E-01 1.0544012817E+00
109.00 1.0991431791E+00 -1.7780202288E-02 4.9706043445E-12 1.9498961611E-11 -1.7780202288E-02 1.0991431791E+00 -9.3321168058E-12 -1.2760907173E-11 8.6785976636E-12 1.1611058413E-11 1.0755931643E+00 2.2560792856E-01 1.7894590018E-11 1.0282532585E-11 -2.2560792856E-01 1.0755931643E+00
110.00 1.1231496079E+00 2.6990455655E-02 5.4720418120E-12 1.8730327906E-11 2.6990455655E-02 1.1231496079E+00 -1.0347690608E-11 -1.2038338006E-11 9.4673290344E-12 1.2801017519E-11 1.0994202875E+00 2.2806049292E-01 1.7466256684E-11 1.0102586296E-11 -2.2806049292E-01 1.0994202875E+00
111.00 1.1502064068E+00 7.3447980961E-02 5.9087285710E-12 1.7940112625E-11 7.3447980961E-02 1.1502064068E+00 -1.1283623546E-11 -1.1301369202E-11 1.0208758475E-11 1.3919993471E-11 1.1252021642E+00 2.2693669196E-01 1.7017522685E-11 9.9160981002E-12 -2.2693669196E-01 1.1252021642E+00
112.00 1.1797571438E+00 1.2151636095E-01 6.2795716911E-12 1.7132822679E-11 1.2151636095E-01 1.1797571438E+00 -1.2138792372E-11 -1.0552587674E-11 1.0902341055E-11 1.4966641121E-11 1.1522430589E+00 2.2225351628E-01 1.6551888266E-11 9.7245283928E-12 -2.2225351628E-01 1.1522430589E+00
113.00 1.2112465005E+00 1.7111424536E-01 6.5849703776E-12 1.6312033554E-11 1.7111424536E-01 1.2112465005E+00 -1.2911603560E-11 -9.7954420395E-12 1.1548573930E-11 1.5939300791E-11 1.1798400509E+00 2.1404544898E-01 1.6071766274E-11 9.5302591227E-12 -2.1404544898E-01 1.1798400509E+00
114.00 1.2441279784E+00 2.2215261697E-01 6.8242646746E-12 1.5481721342E-11 2.2215261697E-01 1.2441279784E+00 -1.3602155116E-11 -9.0326949225E-12 1.2146935742E-11 1.6837599984E-11 1.2072908437E+00 2.0236467144E-01 1.5580147012E-11 9.3347829608E-12 -2.0236467144E-01 1.2072908437E+00
115.00 1.2778711693E+00 2.7453260916E-01 6.9978129671E-12 1.4645813639E-11 2.7453260916E-01 1.2778711693E+00 -1.4210365877E-11 -8.2671255299E-12 1.2697679139E-11 1.7660929845E-11 1.2339012491E+00 1.8728128358E-01 1.5079829855E-11 9.1397210243E-12 -1.8728128358E-01 1.2339012491E+00
116.00 1.3119685144E+00 3.2814352241E-01 7.1059125680E-12 1.3807526801E-11 3.2814352241E-01 1.3119685144E+00 -1.4737120246E-11 -7.5018437845E-12 1.3200848584E-11 1.8409459617E-11 1.2589922831E+00 1.6888351739E-01 1.4573017144E-11 8.9468213450E-12 -1.6888351739E-01 1.2589922831E+00
117.00 1.3459414870E+00 3.8286108678E-01 7.1503989543E-12 1.2970576914E-11 3.8286108678E-01 1.3459414870E+00 -1.5182324521E-11 -6.7393036375E-12 1.3657612707E-11 1.9082437559E-11 1.2819068174E+00 1.4727792135E-01 1.4062168668E-11 8.7574351288E-12 -1.4727792135E-01 1.2819068174E+00
118.00 1.3793461417E+00 4.3854601111E-01 7.1327301360E-12 1.2137474488E-11 4.3854601111E-01 1.3793461417E+00 -1.5547098424E-11 -5.9829206168E-12 1.4068628840E-11 1.9680158826E-11 1.3020157415E+00 1.2258949281E-01 1.3548913381E-11 8.5734591726E-12 -1.2258949281E-01 1.3020157415E+00
119.00 1.4117779840E+00 4.9504285346E-01 7.0536514812E-12 1.1313138280E-11 4.9504285346E-01 1.4117779840E+00 -1.5834001593E-11 -5.2333854590E-12 1.4434168889E-11 2.0203725611E-11 1.3187235943E+00 9.4961735422E-02 1.3036618115E-11 8.3946975929E-12 -9.4961735422E-02 1.3187235943E+00
120.00 1.4428761256E+00 5.5217924033E-01 6.9164090308E-12 1.0498971071E-11 5.5217924033E-01 1.4428761256E+00 -1.6043663479E-11 -4.4946831448E-12 1.4755931177E-11 2.0653051799E-11 1.3314736360E+00 6.4556618887E-02 1.2525965179E-11 8.2234400908E-12 -6.4556618887E-02 1.3314736360E+00
121.00 1.4723266995E+00 6.0976545477E-01 6.7219623066E-12 9.6983853225E-12 6.0976545477E-01 1.4723266995E+00 -1.6179663349E-11 -3.7684391464E-12 1.5034107900E-11 2.1029933310E-11 1.3397523349E+00 3.1554419704E-02 1.2019134203E-11 8.0600916185E-12 -3.1554419704E-02 1.3397523349E+00
122.00 1.4998655181E+00 6.6759440664E-01 6.4736772779E-12 8.9141723735E-12 6.6759440664E-01 1.4998655181E+00 -1.6243838291E-11 -3.0567188679E-12 1.5270448911E-11 2.1335044768E-11 1.3430932524E+00 -3.8465774039E-03 1.1517775941E-11 7.9054717364E-12 3.8465774039E-03 1.3430932524E+00
123.00 1.5252799703E+00 7.2544199047E-01 6.1744694649E-12 8.1489320429E-12 7.2544199047E-01 1.5252799703E+00 -1.6238862136E-11 -2.3612885278E-12 1.5466221410E-11 2.1569571502E-11 1.3410803172E+00 -4.1430535463E-02 1.1023317783E-11 7.7600441531E-12 4.1430535463E-02 1.3410803172E+00
124.00 1.5484101586E+00 7.8306782936E-01 5.8272342858E-12 7.4046608085E-12 7.8306782936E-01 1.5484101586E+00 -1.6168081069E-11 -1.6843105392E-12 1.5622706153E-11 2.1735189112E-11 1.3333504836E+00 -8.0964694488E-02 1.0536816252E-11 7.6245055495E-12 8.0964694488E-02 1.3333504836E+00
125.00 1.5691492894E+00 8.4021639654E-01 5.4349841638E-12 6.6842449266E-12 8.4021639654E-01 1.5691492894E+00 -1.6035124569E-11 -1.0267919837E-12 1.5741158208E-11 2.1833733695E-11 1.3195957766E+00 -1.2220018707E-01 1.0059806457E-11 7.4988785313E-12 1.2220018707E-01 1.3195957766E+00
126.00 1.5874433364E+00 8.9661849915E-01 5.0018459008E-12 5.9889377673E-12 8.9661849915E-01 1.5874433364E+00 -1.5842960468E-11 -3.9092003421E-13 1.5823485186E-11 2.1866689176E-11 1.2995647311E+00 -1.6487305033E-01 9.5928055415E-12 7.3836903319E-12 1.6487305033E-01 1.2995647311E+00
127.00 1.6032900043E+00 9.5199310313E-01 4.5303777478E-12 5.3203810456E-12 9.5199310313E-01 1.6032900043E+00 -1.5596391845E-11 2.2170057002E-13 1.5870640558E-11 2.1836475922E-11 1.2730632382E+00 -2.0870544091E-01 9.1365024313E-12 7.2792197675E-12 2.0870544091E-01 1.2730632382E+00
128.00 1.6167370292E+00 1.0060494721E+00 4.0252361566E-12 4.6812320376E-12 1.0060494721E+00 1.6167370292E+00 -1.5298606191E-11 8.1092777812E-13 1.5884668348E-11 2.1744932425E-11 1.2399548158E+00 -2.5340705599E-01 8.6920705645E-12 7.1847887102E-12 2.5340705599E-01 1.2399548158E+00
129.00 1.6278798549E+00 1.0584895880E+00 3.4901587535E-12 4.0723122612E-12 1.0584895880E+00 1.6278798549E+00 -1.4953832472E-11 1.3750235603E-12 1.5867101198E-11 2.1594250544E-11 1.2001603257E+00 -2.9867675979E-01 8.2596642568E-12 7.1005744600E-12 2.9867675979E-01 1.2001603257E+00
130.00 1.6368587352E+00 1.1090108180E+00 2.9290117909E-12 3.4947224527E-12 1.1090108180E+00 1.6368587352E+00 -1.4566500332E-11 1.9128729832E-12 1.5819587638E-11 2.1386855096E-11 1.1536571623E+00 -3.4420441091E-01 7.8395404469E-12 7.0263786145E-12 3.4420441091E-01 1.1536571623E+00
131.00 1.6438553109E+00 1.1573087857E+00 2.3454459930E-12 2.9497493334E-12 1.1573087857E+00 1.6438553109E+00 -1.4141388353E-11 2.4238038526E-12 1.5743602268E-11 2.1125329942E-11 1.1004779428E+00 -3.8967288210E-01 7.4319767495E-12 6.9618443854E-12 3.8967288210E-01 1.1004779428E+00
132.00 1.6490887220E+00 1.2030804068E+00 1.7443475533E-12 2.4382984676E-12 1.2030804068E+00 1.6490887220E+00 -1.3682147739E-11 2.9072240956E-12 1.5641155067E-11 2.0811884082E-11 1.0407087314E+00 -4.3476026044E-01 7.0370302327E-12 6.9062347324E-12 4.3476026044E-01 1.0407087314E+00
133.00 1.6528113113E+00 1.2460270405E+00 1.1294481295E-12 1.9614173191E-12 1.2460270405E+00 1.6528113113E+00 -1.3193660008E-11 3.3627920854E-12 1.5513651585E-11 2.0449238654E-11 9.7448683214E-01 -4.7914221163E-01 6.6547519966E-12 6.8590066438E-12 4.7914221163E-01 9.7448683214E-01
134.00 1.6553039856E+00 1.2858577139E+00 5.0455823468E-13 1.5187363982E-12 1.2858577139E+00 1.6553039856E+00 -1.2680833887E-11 3.7891415302E-12 1.5362870799E-11 2.0040041577E-11 9.0199818914E-01 -5.2249448926E-01 6.2845900880E-12 6.8198685967E-12 5.2249448926E-01 9.0199818914E-01
135.00 1.6568712980E+00 1.3222923697E+00 -1.2570036717E-13 1.1127754856E-12 1.3222923697E+00 1.6568712980E+00 -1.2147657027E-11 4.1880777029E-12 1.5190221634E-11 1.9587128153E-11 8.2347443387E-01 -5.6449556590E-01 5.9269300045E-12 6.7872851362E-12 5.6449556590E-01 8.2347443387E-01
136.00 1.6578363175E+00 1.3550650925E+00 -7.5755266656E-13 7.4144355119E-13 1.3550650925E+00 1.6578363175E+00 -1.1598974106E-11 4.5570464855E-12 1.4997692813E-11 1.9092914328E-11 7.3918962076E-01 -6.0482936041E-01 5.5806281158E-12 6.7612181384E-12 6.0482936041E-01 7.3918962076E-01
137.00 1.6585353542E+00 1.3839272661E+00 -1.3866480635E-12 4.0580109905E-13 1.3839272661E+00 1.6585353542E+00 -1.1038887628E-11 4.8969208292E-12 1.4786771191E-11 1.8560192941E-11 6.4945669460E-01 -6.4318803265E-01 5.2455036868E-12 6.7403676072E-12 6.4318803265E-01 6.4945669460E-01
138.00 1.6593126068E+00 1.4086506190E+00 -2.0092945984E-12 1.0581944637E-13 1.4086506190E+00 1.6593126068E+00 -1.0472034677E-11 5.2077001394E-12 1.4558922241E-11 1.7991747442E-11 5.5462373374E-01 -6.7927481509E-01 4.9209338931E-12 6.7238396507E-12 6.7927481509E-01 5.5462373374E-01
139.00 1.6605147975E+00 1.4290301159E+00 -2.6220393139E-12 -1.5856804058E-13 1.4290301159E+00 1.6605147975E+00 -9.9031308979E-12 5.4896399673E-12 1.4315654857E-11 1.7390494106E-11 4.5507001377E-01 -7.1280684832E-01 4.6061734250E-12 6.7106957124E-12 7.1280684832E-01 4.5507001377E-01
140.00 1.6624858619E+00 1.4448866545E+00 -3.2206426675E-12 -3.8740934019E-13 1.4448866545E+00 1.6624858619E+00 -9.3358460966E-12 5.7431663021E-12 1.4058420922E-11 1.6759083543E-11 3.5120193673E-01 -7.4351798654E-01 4.3006651289E-12 6.6998055560E-12 7.4351798654E-01 3.5120193673E-01
141.00 1.6655617538E+00 1.4560695331E+00 -3.8021303789E-12 -5.8188336001E-13 1.4560695331E+00 1.6655617538E+00 -8.7748263788E-12 5.9678465337E-12 1.3788769068E-11 1.6100154655E-11 2.4344887076E-01 -7.7116153806E-01 4.0033300360E-12 6.6902773061E-12 7.7116153806E-01 2.4344887076E-01
142.00 1.6700654277E+00 1.4624586563E+00 -4.3622616145E-12 -7.4203032966E-13 1.4624586563E+00 1.6700654277E+00 -8.2231484626E-12 6.1645088143E-12 1.3507931425E-11 1.5416355594E-11 1.3225894476E-01 -7.9551290549E-01 3.7135885111E-12 6.6807436248E-12 7.9551290549E-01 1.3225894476E-01
143.00 1.6763020547E+00 1.4639664495E+00 -4.8987192417E-12 -8.6795410179E-13 1.4639664495E+00 1.6763020547E+00 -7.6855036943E-12 6.3341762224E-12 1.3217068691E-11 1.4710629097E-11 1.8094841642E-02 -8.1637209044E-01 3.4303299850E-12 6.6703389038E-12 8.1637209044E-01 1.8094841642E-02
144.00 1.6845545263E+00 1.4605394591E+00 -5.4079996371E-12 -9.6145226695E-13 1.4605394591E+00 1.6845545263E+00 -7.1650433042E-12 6.4762992556E-12 1.2917678221E-11 1.3985264644E-11 -9.8570367416E-02 -8.3356602821E-01 3.1527898260E-12 6.6579512018E-12 8.3356602821E-01 -9.8570367416E-02
145.00 1.6950792947E+00 1.4521596182E+00 -5.8871158427E-12 -1.0228824748E-12 1.4521596182E+00 1.6950792947E+00 -6.6649497370E-12 6.5919134705E-12 1.2610741203E-11 1.3242935613E-11 -2.1725730663E-01 -8.4695071940E-01 2.8800003447E-12 6.6423120011E-12 8.4695071940E-01 -2.1725730663E-01
146.00 1.7081025943E+00 1.4388451635E+00 -6.3340714772E-12 -1.0533588904E-12 1.4388451635E+00 1.7081025943E+00 -6.1890596624E-12 6.6814657907E-12 1.2297438095E-11 1.2486073258E-11 -3.3748425840E-01 -8.5641312676E-01 2.6109436493E-12 6.6225677216E-12 8.5641312676E-01 -3.3748425840E-01
147.00 1.7238170861E+00 1.4206511914E+00 -6.7460876165E-12 -1.0533818967E-12 1.4206511914E+00 1.7238170861E+00 -5.7399315968E-12 6.7461077757E-12 1.1978584667E-11 1.1717231263E-11 -4.5877096843E-01 -8.6187280800E-01 2.3447154073E-12 6.5975863616E-12 8.6187280800E-01 -4.5877096843E-01
148.00 1.7423789560E+00 1.3976698501E+00 -7.1208727493E-12 -1.0241267079E-12 1.3976698501E+00 1.7423789560E+00 -5.3201710669E-12 6.7864348112E-12 1.1655064638E-11 1.0938740845E-11 -5.8064225901E-01 -8.6328325809E-01 2.0804375783E-12 6.5663501560E-12 8.6328325809E-01 -5.8064225901E-01
149.00 1.7639055000E+00 1.3700301633E+00 -7.4573645613E-12 -9.6764818165E-13 1.3700301633E+00 1.7639055000E+00 -4.9330626530E-12 6.8022874775E-12 1.1328174492E-11 1.0152521543E-11 -7.0263141936E-01 -8.6063293740E-01 1.8171389002E-12 6.5278963137E-12 8.6063293740E-01 -7.0263141936E-01
150.00 1.7884732160E+00 1.3378974920E+00 -7.7527529871E-12 -8.8368018820E-13 1.3378974920E+00 1.7884732160E+00 -4.5797119499E-12 6.7958663943E-12 1.0997968291E-11 9.3613236418E-12 -8.2428334498E-01 -8.5394596577E-01 1.5540048296E-12 6.4813076808E-12 8.5394596577E-01 -8.2428334498E-01
151.00 1.8161164226E+00 1.3014726388E+00 -8.0061748700E-12 -7.7395344242E-13 1.3014726388E+00 1.8161164226E+00 -4.2626226580E-12 6.7673910116E-12 1.0665271074E-11 8.5669239713E-12 -9.4515740134E-01 -8.4328246617E-01 1.2900789850E-12 6.4257153369E-12 8.4328246617E-01 -9.4515740134E-01
152.00 1.8468264135E+00 1.2609906081E+00 -8.2171942333E-12 -6.4019693984E-13 1.2609906081E+00 1.8468264135E+00 -3.9841531267E-12 6.7173484574E-12 1.0331125419E-11 7.7711320754E-12 -1.0648299912E+00 -8.2873854607E-01 1.0246180930E-12 6.3604727952E-12 8.2873854607E-01 -1.0648299912E+00
153.00 1.8805511538E+00 1.2167190356E+00 -8.3841529392E-12 -4.8333934351E-13 1.2167190356E+00 1.8805511538E+00 -3.7449724031E-12 6.6467406198E-12 9.9955230103E-12 6.9759607052E-12 -1.1828968087E+00 -8.1044590849E-01 7.5689566759E-13 6.2845592748E-12 8.1044590849E-01 -1.1828968087E+00
154.00 1.9171955179E+00 1.1689563065E+00 -8.5066254111E-12 -3.0458501964E-13 1.1689563065E+00 1.9171955179E+00 -3.5464102979E-12 6.5566964636E-12 9.6589519274E-12 6.1833112195E-12 -1.2989747665E+00 -7.8857108963E-01 4.8628386438E-13 6.1976070619E-12 7.8857108963E-01 -1.2989747665E+00
155.00 1.9566220604E+00 1.1180293827E+00 -8.5845401018E-12 -1.0490084937E-13 1.1180293827E+00 1.9566220604E+00 -3.3896013941E-12 6.4482690758E-12 9.3216461760E-12 5.3947201313E-12 -1.4127035885E+00 -7.6331432420E-01 2.1183464212E-13 6.0991142625E-12 7.6331432420E-01 -1.4127035885E+00
156.00 1.9986523087E+00 1.0642913633E+00 -8.6175569642E-12 1.1329065890E-13 1.0642913633E+00 1.9986523087E+00 -3.2748381578E-12 6.3212722013E-12 8.9839900594E-12 4.6116634478E-12 -1.5237470627E+00 -7.3490804445E-01 -6.6388835908E-14 5.9880689298E-12 7.3490804445E-01 -1.5237470627E+00
157.00 2.0430685571E+00 1.0081188040E+00 -8.6064681807E-12 3.4992376159E-13 1.0081188040E+00 2.0430685571E+00 -3.2030469187E-12 6.1778432719E-12 8.6460630930E-12 3.8355881413E-12 -1.6317939530E+00 -7.0361502323E-01 -3.4956505804E-13 5.8648428981E-12 7.0361502323E-01 -1.6317939530E+00
158.00 2.0896161399E+00 9.4990882350E-01 -8.5510758822E-12 6.0249138437E-13 9.4990882350E-01 2.0896161399E+00 -3.1736606954E-12 6.0176336398E-12 8.3077871423E-12 3.0678167425E-12 -1.7365585761E+00 -6.6972617619E-01 -6.3730355000E-13 5.7283615171E-12 6.6972617619E-01 -1.7365585761E+00
159.00 2.1380061531E+00 8.9007602596E-01 -8.4521892228E-12 8.7070827021E-13 8.9007602596E-01 2.1380061531E+00 -3.1865137662E-12 5.8424955040E-12 7.9688839706E-12 2.3097959605E-12 -1.8377810495E+00 -6.3355804226E-01 -9.3050528910E-13 5.5789589170E-12 6.3355804226E-01 -1.8377810495E+00
160.00 2.1879185905E+00 8.2904927014E-01 -8.3116081552E-12 1.1527011131E-12 8.2904927014E-01 2.1879185905E+00 -3.2419353994E-12 5.6527731592E-12 7.6298390871E-12 1.5620208568E-12 -1.9352272230E+00 -5.9544996590E-01 -1.2291973412E-12 5.4164472658E-12 5.9544996590E-01 -1.9352272230E+00
161.00 2.2390058565E+00 7.6726831572E-01 -8.1301299799E-12 1.4471998789E-12 7.6726831572E-01 2.2390058565E+00 -3.3387378609E-12 5.4492380140E-12 7.2901686446E-12 8.2569277674E-13 -2.0286883099E+00 -5.5576100842E-01 -1.5334306378E-12 5.2406263255E-12 5.5576100842E-01 -2.0286883099E+00
162.00 2.2908966122E+00 7.0518037861E-01 -7.9088924831E-12 1.7532398205E-12 7.0518037861E-01 2.2908966122E+00 -3.4755830346E-12 5.2330040799E-12 6.9492854010E-12 1.0196123483E-13 -2.1179802374E+00 -5.1486661902E-01 -1.8433762397E-12 5.0517112354E-12 5.1486661902E-01 -2.1179802374E+00
163.00 2.3431999082E+00 6.4323662644E-01 -7.6500323820E-12 2.0691631195E-12 6.4323662644E-01 2.3431999082E+00 -3.6517327735E-12 5.0045479283E-12 6.6071669943E-12 -6.0885074506E-13 -2.2029427373E+00 -4.7315509974E-01 -2.1587347611E-12 4.8497745292E-12 4.7315509974E-01 -2.2029427373E+00
164.00 2.3955095568E+00 5.8188864548E-01 -7.3554618872E-12 2.3940682068E-12 5.8188864548E-01 2.3955095568E+00 -3.8657023208E-12 4.7648990302E-12 6.2633199734E-12 -1.3060904800E-12 -2.2834382054E+00 -4.3102390092E-01 -2.4795999387E-12 4.6352190511E-12 4.3102390092E-01 -2.2834382054E+00
165.00 2.4474086888E+00 5.2158490942E-01 -7.0269088069E-12 2.7269039408E-12 5.2158490942E-01 2.4474086888E+00 -4.1153242661E-12 4.5150181147E-12 5.9169354574E-12 -1.9888489913E-12 -2.3593503545E+00 -3.8887578625E-01 -2.8057876184E-12 4.4085007615E-12 3.8887578625E-01 -2.3593503545E+00
166.00 2.4984744448E+00 4.6276727994E-01 -6.6675352135E-12 3.0658110338E-12 4.6276727994E-01 2.4984744448E+00 -4.3995242663E-12 4.2550885726E-12 5.5682046415E-12 -2.6574696271E-12 -2.4305826948E+00 -3.4711490838E-01 -3.1365078078E-12 4.1697492432E-12 3.4711490838E-01 -2.4305826948E+00
167.00 2.5482827426E+00 4.0586756773E-01 -6.2789934785E-12 3.4103088430E-12 4.0586756773E-01 2.5482827426E+00 -4.7154004006E-12 3.9863131402E-12 5.2157230716E-12 -3.3109940181E-12 -2.4970568709E+00 -3.0614283738E-01 -3.4717960628E-12 3.9197170250E-12 3.0614283738E-01 -2.4970568709E+00
168.00 2.5964130680E+00 3.5130418158E-01 -5.8644956351E-12 3.7589518607E-12 3.5130418158E-01 2.5964130680E+00 -5.0611074555E-12 3.7092740921E-12 4.8593266538E-12 -3.9496130108E-12 -2.5587108916E+00 -2.6635458510E-01 -3.8109081416E-12 3.6589791305E-12 2.6635458510E-01 -2.5587108916E+00
169.00 2.6424532315E+00 2.9947889167E-01 -5.4269436673E-12 4.1107862756E-12 2.9947889167E-01 2.6424532315E+00 -5.4342963333E-12 3.4246614720E-12 4.4983627779E-12 -4.5733784235E-12 -2.6154972848E+00 -2.2813466899E-01 -4.1533895762E-12 3.3881741266E-12 2.2813466899E-01 -2.6154972848E+00
170.00 2.6860040360E+00 2.5077373183E-01 -4.9689362060E-12 4.4647215055E-12 2.5077373183E-01 2.6860040360E+00 -5.8318033813E-12 3.1332894627E-12 4.1317933428E-12 -5.1818111853E-12 -2.6673812146E+00 -1.9185325854E-01 -4.4984988432E-12 3.1081198986E-12 1.9185325854E-01 -2.6673812146E+00
171.00 2.7266838018E+00 2.0554806369E-01 -4.4939822152E-12 4.8196824745E-12 2.0554806369E-01 2.7266838018E+00 -6.2514204865E-12 2.8357646943E-12 3.7592141646E-12 -5.7755548809E-12 -2.7143385927E+00 -1.5786244700E-01 -4.8454908952E-12 2.8195820905E-12 1.5786244700E-01 -2.7143385927E+00
172.00 2.7641326961E+00 1.6413582426E-01 -4.0049668923E-12 5.1750963657E-12 1.6413582426E-01 2.7641326961E+00 -6.6897999837E-12 2.5331258551E-12 3.3795465766E-12 -6.3543736098E-12 -2.7563542211E+00 -1.2649268961E-01 -5.1939493829E-12 2.5237173972E-12 1.2649268961E-01 -2.7563542211E+00
173.00 2.7980168179E+00 1.2684297637E-01 -3.5055042814E-12 5.5293245829E-12 1.2684297637E-01 2.7980168179E+00 -7.1442191316E-12 2.2254756168E-12 2.9923307536E-12 -6.9188439701E-12 -2.7934199968E+00 -9.8049447979E-02 -5.5424009351E-12 2.2209159580E-12 9.8049447979E-02 -2.7934199968E+00
174.00 2.8280319894E+00 9.3945179773E-02 -2.9987675223E-12 5.8819071395E-12 9.3945179773E-02 2.8280319894E+00 -7.6112449249E-12 1.9139409363E-12 2.5965688330E-12 -7.4689876494E-12 -2.8255332114E+00 -7.2810078003E-02 -5.8903828615E-12 1.9125335075E-12 7.2810078003E-02 -2.8255332114E+00
175.00 2.8539072123E+00 6.5685698940E-02 -2.4880654671E-12 6.2319484674E-12 6.5685698940E-02 2.8539072123E+00 -8.0877483273E-12 1.5991620013E-12 2.1913462002E-12 -8.0052876187E-12 -2.8526949755E+00 -5.1020996146E-02 -6.2369672968E-12 1.5995218088E-12 5.1020996146E-02 -2.8526949755E+00
176.00 2.8754077478E+00 4.2273561399E-02 -1.9771564894E-12 6.5784168830E-12 4.2273561399E-02 2.8754077478E+00 -8.5705335112E-12 1.2817205295E-12 1.7761745877E-12 -8.5282703133E-12 -2.8749087935E+00 -3.2895155700E-02 -6.5810350452E-12 1.2827936730E-12 3.2895155700E-02 -2.8749087935E+00
177.00 2.8923377849E+00 2.3881978934E-02 -1.4694629323E-12 6.9204836510E-12 2.3881978934E-02 2.8923377849E+00 -9.0561871812E-12 9.6237659237E-13 1.3502252013E-12 -9.0383500930E-12 -2.8921793143E+00 -1.8609861397E-02 -6.9216041692E-12 9.6344156994E-13 1.8609861397E-02 -2.8921793143E+00
178.00 2.9045426676E+00 1.0647041847E-02 -9.6838912811E-13 7.2574700148E-12 1.0647041847E-02 2.9045426676E+00 -9.5414019362E-12 6.4183044285E-13 9.1267132150E-13 -9.5361181102E-12 -2.9045112801E+00 -8.3049468549E-03 -7.2578053156E-12 6.4250061157E-13 8.3049468549E-03 -2.9045112801E+00
179.00 2.9119106531E+00 2.6666946887E-03 -4.7742679006E-13 7.5884235335E-12 2.6666946887E-03 2.9119106531E+00 -1.0022700406E-11 3.2077457796E-13 4.6282444836E-13 -1.0022040515E-11 -2.9119086882E+00 -2.0813353363E-03 -7.5884657036E-12 3.2098881841E-13 2.0813353363E-03 -2.9119086882E+00
180.00 2.9143741833E+00 2.8865798640E-15 -8.5758868443E-18 7.9127082403E-12 2.8865798640E-15 2.9143741833E+00 -1.0496691673E-11 5.9624872472E-18 8.5758868338E-18 -1.0496691673E-11 -2.9143741833E+00 1.1102230246E-16 -7.9127082403E-12 5.9624872375E-18 -1.1102230246E-16 -2.9143741833E+00
