theta s11 s12 s13 s14 s21 s22 s23 s24 s31 s32 s33 s34 s41 s42 s43 s44
0.00 1.4154797793E+02 0.0000000000E+00 0.0000000000E+00 -5.0959034824E-12 0.0000000000E+00 1.4154797793E+02 -2.8571913488E-11 0.0000000000E+00 0.0000000000E+00 2.8571913488E-11 1.4154797793E+02 0.0000000000E+00 -5.0959034824E-12 0.0000000000E+00 0.0000000000E+00 1.4154797793E+02
1.00 1.4140075337E+02 -5.8903788393E-03 7.3212262090E-13 -2.0347873246E-12 -5.8903788393E-03 1.4140075337E+02 -2.9291215967E-11 -3.0702001760E-12 7.3075921469E-13 2.9291401499E-11 1.4140075290E+02 9.9513430577E-03 -2.0349666563E-12 3.0682235128E-12 -9.9513430577E-03 1.4140075290E+02
2.00 1.4095992073E+02 -2.3466973152E-02 1.4614119112E-12 1.0112074842E-12 -2.3466973152E-02 1.4095992073E+02 -2.9975348849E-11 -6.1321876122E-12 1.4567061440E-12 2.9976832107E-11 1.4095991318E+02 3.9706967215E-02 1.0097763140E-12 6.1235754276E-12 -3.9706967215E-02 1.4095991318E+02
3.00 1.4022799586E+02 -5.2447619486E-02 2.1888719292E-12 4.0313726088E-12 -5.2447619486E-02 1.4022799586E+02 -3.0623928813E-11 -9.1752519964E-12 2.1799734542E-12 3.0628926732E-11 1.4022795783E+02 8.8972730351E-02 4.0265588399E-12 9.1543130467E-12 -8.8972730351E-02 1.4022795783E+02
4.00 1.3920914784E+02 -9.2366898450E-02 2.9138392163E-12 7.0154864655E-12 -9.2366898450E-02 1.3920914784E+02 -3.1238024256E-11 -1.2188800588E-11 2.9010273430E-12 3.1249842040E-11 1.3920902837E+02 1.5726195873E-01 7.0041278287E-12 1.2148853798E-11 -1.5726195873E-01 1.3920902837E+02
5.00 1.3790916320E+02 -1.4258333016E-01 3.6365400520E-12 9.9522739181E-12 -1.4258333016E-01 1.3790916320E+02 -3.1818599102E-11 -1.5162296666E-11 3.6212128091E-12 3.1841603832E-11 1.3790887381E+02 2.4390074515E-01 9.9302142265E-12 1.5095724942E-11 -2.4390074515E-01 1.3790887381E+02
6.00 1.3633539640E+02 -2.0228928123E-01 4.3580634256E-12 1.2832524097E-11 -2.0228928123E-01 1.3633539640E+02 -3.2365636224E-11 -1.8085141239E-11 4.3427215004E-12 3.2405219092E-11 1.3633480209E+02 3.4803527389E-01 1.2794659781E-11 1.7983455587E-11 -3.4803527389E-01 1.3633480209E+02
7.00 1.3449670718E+02 -2.7052342019E-01 5.0779899718E-12 1.5646510205E-11 -2.7052342019E-01 1.3449670718E+02 -3.2879611125E-11 -2.0946181273E-11 5.0662086390E-12 3.2942139960E-11 1.3449561864E+02 4.6864108164E-01 1.5586852988E-11 2.0800094827E-11 -4.6864108164E-01 1.3449561864E+02
8.00 1.3240338526E+02 -3.4618551685E-01 5.7968146621E-12 1.8381882336E-11 -3.4618551685E-01 1.3240338526E+02 -3.3361431525E-11 -2.3738529816E-11 5.7931930697E-12 3.3454209296E-11 1.3240155257E+02 6.0453413970E-01 1.8293617285E-11 2.3538046913E-11 -6.0453413970E-01 1.3240155257E+02
9.00 1.3006706350E+02 -4.2805334290E-01 6.5138810381E-12 2.1033127712E-11 -4.2805334290E-01 1.3006706350E+02 -3.3812288530E-11 -2.6449692741E-11 6.5240188169E-12 3.3943473152E-11 1.3006417141E+02 7.5438362072E-01 2.0908707110E-11 2.6184183759E-11 -7.5438362072E-01 1.3006417141E+02
10.00 1.2750062018E+02 -5.1480139787E-01 7.2298733886E-12 2.3589915940E-11 -5.1480139787E-01 1.2750062018E+02 -3.4232140064E-11 -2.9070741978E-11 7.2603005856E-12 3.4410679603E-11 1.2749628520E+02 9.1672619282E-01 2.3421133733E-11 2.8729059302E-11 -9.1672619282E-01 1.2749628520E+02
11.00 1.2471807167E+02 -6.0502115544E-01 7.9458520764E-12 2.6041737048E-11 -6.0502115544E-01 1.2471807167E+02 -3.4620551133E-11 -3.1595095575E-11 8.0039576700E-12 3.4856120865E-11 1.2471184102E+02 1.0899816661E+00 2.5819804542E-11 3.1165693875E-11 -1.0899816661E+00 1.2471184102E+02
12.00 1.2173445656E+02 -6.9724250212E-01 8.6610999856E-12 2.8382743757E-11 -6.9724250212E-01 1.2173445656E+02 -3.4979099335E-11 -3.4012444852E-11 8.7550847188E-12 3.5281995577E-11 1.2172580904E+02 1.2724698007E+00 2.8098415700E-11 3.3483462489E-11 -1.2724698007E+00 1.2172580904E+02
13.00 1.1856571244E+02 -7.8995602245E-01 9.3737021570E-12 3.0606257103E-11 -7.8995602245E-01 1.1856571244E+02 -3.5310427629E-11 -3.6313720976E-11 9.5124904366E-12 3.5691485075E-11 1.1855406126E+02 1.4624280724E+00 3.0249955716E-11 3.5673078824E-11 -1.4624280724E+00 1.1855406126E+02
14.00 1.1522854676E+02 -8.8163577366E-01 1.0084895339E-11 3.2703171844E-11 -8.8163577366E-01 1.1522854676E+02 -3.5613041915E-11 -3.8493447727E-11 1.0278041628E-11 3.6083557602E-11 1.1521324422E+02 1.6580301823E+00 3.2265044593E-11 3.7729031563E-11 -1.6580301823E+00 1.1521324422E+02
15.00 1.1174030296E+02 -9.7076218698E-01 1.0793639476E-11 3.4667925845E-11 -9.7076218698E-01 1.1174030296E+02 -3.5888560866E-11 -4.0544147881E-11 1.1051255162E-11 3.6460184007E-11 1.1172064703E+02 1.8574050884E+00 3.4137997362E-11 3.9643878213E-11 -1.8574050884E+00 1.1172064703E+02
16.00 1.0811882339E+02 -1.0558447340E+00 1.1500872653E-11 3.6494903953E-11 -1.0558447340E+00 1.0811882339E+02 -3.6136143296E-11 -4.2458613686E-11 1.1833550526E-11 3.6820748085E-11 1.0809406597E+02 2.0586563344E+00 3.5863163469E-11 4.1410609325E-11 -2.0586563344E+00 1.0809406597E+02
17.00 1.0438231036E+02 -1.1354440034E+00 1.2205311641E-11 3.8177312299E-11 -1.1354440034E+00 1.0438231036E+02 -3.6356713207E-11 -4.4232704148E-11 1.2623982856E-11 3.7166359516E-11 1.0435166706E+02 2.2598814474E+00 3.7433839896E-11 4.3025398752E-11 -2.2598814474E+00 1.0435166706E+02
18.00 1.0054918667E+02 -1.2081928466E+00 1.2907302404E-11 3.9712560440E-11 -1.2081928466E+00 1.0054918667E+02 -3.6550224671E-11 -4.5858689609E-11 1.3423221915E-11 3.7496952445E-11 1.0051184800E+02 2.4591911806E+00 3.8847651504E-11 4.4480938562E-11 -2.4591911806E+00 1.0051184800E+02
19.00 9.6637957160E+01 -1.2728162685E+00 1.3602782905E-11 4.1093233206E-11 -1.2728162685E+00 9.6637957160E+01 -3.6720066487E-11 -4.7335292903E-11 1.4227262274E-11 3.7815976714E-11 9.6593100789E+01 2.6547283797E+00 4.0097558011E-11 4.5776465288E-11 -2.6547283797E+00 9.6593100789E+01
20.00 9.2667072358E+01 -1.3281497657E+00 1.4293172335E-11 4.2319640110E-11 -1.3281497657E+00 9.2667072358E+01 -3.6864467567E-11 -4.8654816371E-11 1.5037717895E-11 3.8121378977E-11 9.2613876270E+01 2.8446862591E+00 4.1184310963E-11 4.6904949681E-11 -2.8446862591E+00 9.2613876270E+01
21.00 8.8654795799E+01 -1.3731558407E+00 1.4978813489E-11 4.3386462460E-11 -1.3731558407E+00 8.8654795799E+01 -3.6982185185E-11 -4.9815946591E-11 1.5854861882E-11 3.8411688226E-11 8.8592452044E+01 3.0273258866E+00 4.2103079799E-11 4.7865945713E-11 -3.0273258866E+00 8.8592452044E+01
22.00 8.4619076041E+01 -1.4069384555E+00 1.5657111343E-11 4.4291706426E-11 -1.4069384555E+00 8.4619076041E+01 -3.7075031166E-11 -5.0816484871E-11 1.6675955757E-11 3.8688398982E-11 8.4546804789E+01 3.2009926844E+00 4.2852571471E-11 4.8658101516E-11 -3.2009926844E+00 8.4546804789E+01
23.00 8.0577424612E+01 -1.4287552237E+00 1.6324401136E-11 4.5036946681E-11 -1.4287552237E+00 8.0577424612E+01 -3.7145653721E-11 -5.1650556681E-11 1.7497200874E-11 3.8953596029E-11 8.0494488216E+01 3.3641317731E+00 4.3435300496E-11 4.9276380559E-11 -3.3641317731E+00 8.0494488216E+01
24.00 7.6546800928E+01 -1.4380271798E+00 1.6984824356E-11 4.5615969244E-11 -1.4380271798E+00 7.6546800928E+01 -3.7188857917E-11 -5.2322174235E-11 1.8322299754E-11 3.9201665650E-11 7.6452517695E+01 3.5153019991E+00 4.3845611528E-11 4.9726189177E-11 -3.5153019991E+00 7.6452517695E+01
25.00 7.2543505121E+01 -1.4343460058E+00 1.7632436422E-11 4.6032666844E-11 -1.4343460058E+00 7.2543505121E+01 -3.7209215650E-11 -5.2826140137E-11 1.9145007459E-11 3.9436431976E-11 7.2437262514E+01 3.6531885069E+00 4.4088630737E-11 5.0003240736E-11 -3.6531885069E+00 7.2437262514E+01
26.00 6.8583079646E+01 -1.4174786394E+00 1.8269382060E-11 4.6285706685E-11 -1.4174786394E+00 6.8583079646E+01 -3.7202944377E-11 -5.3164606687E-11 1.9966975108E-11 3.9653435163E-11 6.8464346610E+01 3.7766137379E+00 4.4163848937E-11 5.0111158816E-11 -3.7766137379E+00 6.8464346610E+01
27.00 6.4680220362E+01 -1.3873692287E+00 1.8892252929E-11 4.6377146498E-11 -1.3873692287E+00 6.4680220362E+01 -3.7171500086E-11 -5.3336754241E-11 2.0784261934E-11 3.9853302990E-11 6.4548558537E+01 3.8845467578E+00 4.4074552722E-11 5.0050362798E-11 -3.8845467578E+00 6.4548558537E+01
28.00 6.0848697711E+01 -1.3441384459E+00 1.9497522926E-11 4.6306274698E-11 -1.3441384459E+00 6.0848697711E+01 -3.7117292485E-11 -5.3346061824E-11 2.1592503967E-11 4.0037770159E-11 6.0703771279E+01 3.9761108382E+00 4.3821294353E-11 4.9825598480E-11 -3.9761108382E+00 6.0703771279E+01
29.00 5.7101288457E+01 -1.2880802106E+00 2.0088151024E-11 4.6079119908E-11 -1.2880802106E+00 5.7101288457E+01 -3.7035069938E-11 -5.3190678070E-11 2.2394299336E-11 4.0200339767E-11 5.6942872422E+01 4.0505892415E+00 4.3411107392E-11 4.9436697970E-11 -4.0505892415E+00 5.6942872422E+01
30.00 5.3449718337E+01 -1.2196559171E+00 2.0657928024E-11 4.5695779933E-11 -1.2196559171E+00 5.3449718337E+01 -3.6928889160E-11 -5.2875950836E-11 2.3182402902E-11 4.0344387211E-11 5.3277705048E+01 4.1074291798E+00 4.2845614691E-11 4.8890240955E-11 -4.1074291798E+00 5.3277705048E+01
31.00 4.9904615824E+01 -1.1394862978E+00 2.1206987046E-11 4.5160405346E-11 -1.1394862978E+00 4.9904615824E+01 -3.6796952263E-11 -5.2403675261E-11 2.3956202733E-11 4.0466979152E-11 4.9719019627E+01 4.1462439425E+00 4.2130178040E-11 4.8189599661E-11 -4.1462439425E+00 4.9719019627E+01
32.00 4.6475477107E+01 -1.0483410883E+00 2.1733564030E-11 4.4477151930E-11 -1.0483410883E+00 4.6475477107E+01 -3.6638293818E-11 -5.1777714931E-11 2.4713092294E-11 4.0566124963E-11 4.6276436995E+01 4.1668132115E+00 4.1270275649E-11 4.7340189865E-11 -4.1668132115E+00 4.6276436995E+01
33.00 4.3170642235E+01 -9.4712669578E-01 2.2236063092E-11 4.3650429249E-11 -9.4712669578E-01 4.3170642235E+01 -3.6452819768E-11 -5.1002710253E-11 2.5450547946E-11 4.0640701836E-11 4.2958422464E+01 4.1690816017E+00 4.0271628371E-11 4.6348137432E-11 -4.1690816017E+00 4.2958422464E+01
34.00 3.9997282262E+01 -8.3687209524E-01 2.2711705383E-11 4.2686568652E-11 -8.3687209524E-01 3.9997282262E+01 -3.6240536992E-11 -5.0081281391E-11 2.6164982696E-11 4.0689441074E-11 3.9772270905E+01 4.1531554877E+00 3.9142041211E-11 4.5217492823E-11 -4.1531554877E+00 3.9772270905E+01
35.00 3.6961397132E+01 -7.1871320580E-01 2.3160135247E-11 4.1589294311E-11 -7.1871320580E-01 3.6961397132E+01 -3.5999871317E-11 -4.9020815732E-11 2.6854914866E-11 4.0709861110E-11 3.6724102598E+01 4.1192981971E+00 3.7886374752E-11 4.3957262159E-11 -4.1192981971E+00 3.6724102598E+01
36.00 3.4067823911E+01 -5.9387601560E-01 2.3577629330E-11 4.0364473692E-11 -5.9387601560E-01 3.4067823911E+01 -3.5731721245E-11 -4.7826974783E-11 2.7515597764E-11 4.0701808562E-11 3.3818869502E+01 4.0679236679E+00 3.6512016978E-11 4.2574386227E-11 -4.0679236679E+00 3.3818869502E+01
37.00 3.1320254886E+01 -4.6365873861E-01 2.3963335152E-11 3.9021242489E-11 -4.6365873861E-01 3.1320254886E+01 -3.5435231409E-11 -4.6503626827E-11 2.8145531997E-11 4.0663044211E-11 3.1060371490E+01 3.9995886839E+00 3.5029294381E-11 4.1074120901E-11 -3.9995886839E+00 3.1060371490E+01
38.00 2.8721264958E+01 -3.2941329524E-01 2.4315675493E-11 3.7563595273E-11 -3.2941329524E-01 2.8721264958E+01 -3.5109055575E-11 -4.5059776140E-11 2.8741827509E-11 4.0591457170E-11 2.8451282034E+01 3.9149838180E+00 3.3443374978E-11 3.9466935882E-11 -3.9149838180E+00 2.8451282034E+01
39.00 2.6272347683E+01 -1.9252641241E-01 2.4632680672E-11 3.5999747924E-11 -1.9252641241E-01 2.6272347683E+01 -3.4753578543E-11 -4.3501443784E-11 2.9301658763E-11 4.0486273037E-11 2.5993182706E+01 3.8149232230E+00 3.1763680036E-11 3.7759982738E-11 -3.8149232230E+00 2.5993182706E+01
40.00 2.3973959244E+01 -5.4400637543E-02 2.4914078587E-11 3.4338783120E-11 -5.4400637543E-02 2.3973959244E+01 -3.4366311209E-11 -4.1834412323E-11 2.9824034112E-11 4.0343778208E-11 2.3686605813E+01 3.7003334217E+00 3.0000157208E-11 3.5960534835E-11 -3.7003334217E+00 2.3686605813E+01
41.00 2.1825569564E+01 8.3564445564E-02 2.5153758107E-11 3.2586643395E-11 8.3564445564E-02 2.1825569564E+01 -3.3951565210E-11 -4.0068070857E-11 3.0301688834E-11 4.0167518819E-11 2.1531084418E+01 3.5722412549E+00 2.8160466222E-11 3.4078333934E-11 -3.5722412549E+00 2.1531084418E+01
42.00 1.9825719760E+01 2.1999052124E-01 2.5355452487E-11 3.0750272540E-11 2.1999052124E-01 1.9825719760E+01 -3.3503648111E-11 -3.8211534558E-11 3.0737192977E-11 3.9951158882E-11 1.9525208925E+01 3.4317611518E+00 2.6251691263E-11 3.2124271326E-11 -3.4317611518E+00 1.9525208925E+01
43.00 1.7972085055E+01 3.5353810465E-01 2.5513775100E-11 2.8840571512E-11 3.5353810465E-01 1.7972085055E+01 -3.3026039305E-11 -3.6270350226E-11 3.1124808681E-11 3.9696802099E-11 1.7666689413E+01 3.2800818899E+00 2.4286170645E-11 3.0104185687E-11 -3.2800818899E+00 1.7666689413E+01
44.00 1.6261542301E+01 4.8292311919E-01 2.5629480166E-11 2.6864663243E-11 4.8292311919E-01 1.6261542301E+01 -3.2516332702E-11 -3.4254280565E-11 3.1464198702E-11 3.9401517372E-11 1.5952422828E+01 3.1184530125E+00 2.2271439289E-11 2.8028922230E-11 -3.1184530125E+00 1.5952422828E+01
45.00 1.4690241197E+01 6.0693226765E-01 2.5701221414E-11 2.4831646616E-11 6.0693226765E-01 1.4690241197E+01 -3.1974360919E-11 -3.2171062012E-11 3.1753322010E-11 3.9064253746E-11 1.4378564148E+01 2.9481710720E+00 2.0217200085E-11 2.5906876473E-11 -2.9481710720E+00 1.4378564148E+01
46.00 1.3253678324E+01 7.2443700169E-01 2.5726998628E-11 2.2749297985E-11 7.2443700169E-01 1.3253678324E+01 -3.1400903757E-11 -3.0030654247E-11 3.1989332039E-11 3.8685314669E-11 1.2940600642E+01 2.7705658599E+00 1.8131974704E-11 2.3748268020E-11 -2.7705658599E+00 1.2940600642E+01
47.00 1.1946773132E+01 8.3440592199E-01 2.5706078197E-11 2.0628280187E-11 8.3440592199E-01 1.1946773132E+01 -3.0795393674E-11 -2.7839837984E-11 3.2171189482E-11 3.8263146349E-11 1.1633428317E+01 2.5869867837E+00 1.6026631367E-11 2.1560483018E-11 -2.5869867837E+00 1.1633428317E+01
48.00 1.0763944989E+01 9.3591547136E-01 2.5637692877E-11 1.8474803788E-11 9.3591547136E-01 1.0763944989E+01 -3.0157949360E-11 -2.5609871182E-11 3.2297013358E-11 3.7797819807E-11 1.0451429697E+01 2.3987895391E+00 1.3907830101E-11 1.9354776370E-11 -2.3987895391E+00 1.0451429697E+01
49.00 9.6991905030E+00 1.0281588142E+00 2.5520993641E-11 1.6299828743E-11 1.0281588142E+00 9.6991905030E+00 -2.9488559538E-11 -2.3347567050E-11 3.2365857024E-11 3.7288446369E-11 9.3885520755E+00 2.2073232189E+00 1.1786507908E-11 1.7138282712E-11 -2.2073232189E+00 9.3885520755E+00
50.00 8.7461602951E+00 1.1104528277E+00 2.5356605308E-11 1.4110800256E-11 1.1104528277E+00 8.7461602951E+00 -2.8786316449E-11 -2.1063116455E-11 3.2377451537E-11 3.6734183273E-11 8.4383854354E+00 2.0139179896E+00 9.6700235701E-12 1.4921235740E-11 -2.0139179896E+00 8.4383854354E+00
51.00 7.8982345007E+00 1.1822431620E+00 2.5142085027E-11 1.1916614425E-11 1.1822431620E+00 7.8982345007E+00 -2.8053488826E-11 -1.8764822326E-11 3.2329252618E-11 3.6136625982E-11 7.5942392609E+00 1.8198734521E+00 7.5675321155E-12 1.2711374164E-11 -1.8198734521E+00 7.5942392609E+00
52.00 7.1485962948E+00 1.2431073589E+00 2.4878444291E-11 9.7260884232E-12 1.2431073589E+00 7.1485962948E+00 -2.7289210442E-11 -1.6461347271E-11 3.2221819016E-11 3.5494862224E-11 6.8492175214E+00 1.6264477932E+00 5.4873414434E-12 1.0517341234E-11 -1.6264477932E+00 6.8492175214E+00
53.00 6.4903028127E+00 1.2927560482E+00 2.4565377452E-11 7.5473249330E-12 1.2927560482E+00 6.4903028127E+00 -2.6494280916E-11 -1.4161289972E-11 3.2054544846E-11 3.4809513191E-11 6.1962911600E+00 1.4348478178E+00 3.4372374101E-12 8.3471797424E-12 -1.4348478178E+00 6.1962911600E+00
54.00 5.9163528910E+00 1.3310322733E+00 2.4203089664E-11 5.3889490732E-12 1.3310322733E+00 5.9163528910E+00 -2.5669104841E-11 -1.1872703471E-11 3.1827454453E-11 3.4080881832E-11 5.6283674796E+00 1.2462199376E+00 1.4252565498E-12 6.2084955069E-12 -1.2462199376E+00 5.6283674796E+00
55.00 5.4197511217E+00 1.3579090198E+00 2.3791255355E-11 3.2581513760E-12 1.3579090198E+00 5.4197511217E+00 -2.4815189320E-11 -9.6045930294E-12 3.1540106751E-11 3.3310479860E-11 5.1383558850E+00 1.0616421782E+00 -5.4176367201E-13 4.1092845769E-12 -1.0616421782E+00 5.1383558850E+00
56.00 4.9935677813E+00 1.3734850531E+00 2.3331579791E-11 1.1631293564E-12 1.3734850531E+00 4.9935677813E+00 -2.3932017893E-11 -7.3643526984E-12 3.1193865616E-11 3.2498050065E-11 4.7192295085E+00 8.8211724940E-01 -2.4566835069E-12 2.0564468414E-12 -8.8211724940E-01 4.7192295085E+00
57.00 4.6309942627E+00 1.3779791883E+00 2.2823521866E-11 -8.8866873147E-13 1.3779791883E+00 4.6309942627E+00 -2.3021825810E-11 -5.1596589817E-12 3.0788449066E-11 3.1645676751E-11 4.3640823132E+00 7.0856670928E-01 -4.3127479707E-12 5.6532179838E-14 -7.0856670928E-01 4.3640823132E+00
58.00 4.3253937116E+00 1.3717231371E+00 2.2269074101E-11 -2.8905697352E-12 1.3717231371E+00 4.3253937116E+00 -2.2084497870E-11 -2.9985025580E-12 3.0325480141E-11 3.0753825482E-11 4.0661813442E+00 5.4182623769E-01 -6.1042229872E-12 -1.8834838351E-12 -5.4182623769E-01 4.0661813442E+00
59.00 4.0703466347E+00 1.3551530964E+00 2.1668785986E-11 -4.8358958781E-12 1.3551530964E+00 4.0703466347E+00 -2.1121859309E-11 -8.8794433628E-13 2.9805727827E-11 2.9824428632E-11 3.8190138645E+00 3.8264201899E-01 -7.8254221979E-12 -3.7578333382E-12 -3.8264201899E-01 3.8190138645E+00
60.00 3.8596913180E+00 1.3288002506E+00 2.1023207640E-11 -6.7178609685E-12 1.3288002506E+00 3.8596913180E+00 -2.0135913223E-11 1.1656045539E-12 2.9230088715E-11 2.8859563427E-11 3.6163291885E+00 2.3166822156E-01 -9.4707661176E-12 -5.5612782471E-12 -2.3166822156E-01 3.6163291885E+00
61.00 3.6875589579E+00 1.2932803759E+00 2.0334013270E-11 -8.5299696036E-12 1.2932803759E+00 3.6875589579E+00 -1.9127719461E-11 3.1561363826E-12 2.8600261749E-11 2.7860714804E-11 3.4521750902E+00 8.9465547156E-02 -1.1035150924E-11 -7.2889279142E-12 -8.9465547156E-02 3.4521750902E+00
62.00 3.5484034725E+00 1.2492827371E+00 1.9604020569E-11 -1.0267782949E-11 1.2492827371E+00 3.5484034725E+00 -1.8097712799E-11 5.0764522980E-12 2.7918855949E-11 2.6829130778E-11 3.3209287356E+00 -4.3499188384E-02 -1.2515087382E-11 -8.9353376412E-12 4.3499188384E-02 3.3209287356E+00
63.00 3.4370260192E+00 1.1975584743E+00 1.8833767166E-11 -1.1925081851E-11 1.1975584743E+00 3.4370260192E+00 -1.7048832181E-11 6.9220430824E-12 2.7187011864E-11 2.5767795026E-11 3.2173221479E+00 -1.6685249273E-01 -1.3906020349E-11 -1.0497178282E-11 1.6685249273E-01 3.2173221479E+00
64.00 3.3485943028E+00 1.1389086725E+00 1.8025281255E-11 -1.3497367866E-11 1.1389086725E+00 3.3485943028E+00 -1.5982559676E-11 8.6874010499E-12 2.6406859979E-11 2.4678679727E-11 3.1364622783E+00 -2.8031271268E-01 -1.5204769817E-11 -1.1970526022E-11 2.8031271268E-01 3.1364622783E+00
65.00 3.2786568075E+00 1.0741723089E+00 1.7180831226E-11 -1.4980704000E-11 1.0741723089E+00 3.2786568075E+00 -1.4900756473E-11 1.0367372381E-11 2.5580934721E-11 2.3564159753E-11 3.0738458101E+00 -3.8368769585E-01 -1.6408709055E-11 -1.3351884841E-11 3.8368769585E-01 3.0738458101E+00
66.00 3.2231521374E+00 1.0042142617E+00 1.6302376945E-11 -1.6371074797E-11 1.0042142617E+00 3.2231521374E+00 -1.3805726204E-11 1.1957871566E-11 2.4711544712E-11 2.2426949495E-11 3.0253688741E+00 -4.7687167400E-01 -1.7515382884E-11 -1.4638654320E-11 4.7687167400E-01 3.0253688741E+00
67.00 3.1784136880E+00 9.2991355897E-01 1.5392737638E-11 -1.7665221288E-11 9.2991355897E-01 3.1784136880E+00 -1.2698959585E-11 1.3454931283E-11 2.3801617974E-11 2.1269126440E-11 2.9873319027E+00 -5.5984144916E-01 -1.8522940766E-11 -1.5828548528E-11 5.5984144916E-01 2.9873319027E+00
68.00 3.1411699113E+00 8.5215203141E-01 1.4454162213E-11 -1.8859964983E-11 8.5215203141E-01 3.1411699113E+00 -1.1582916577E-11 1.4855432016E-11 2.2853728855E-11 2.0093585558E-11 2.9564398885E+00 -6.3265196827E-01 -1.9429782687E-11 -1.6919926998E-11 6.3265196827E-01 2.9564398885E+00
69.00 3.1085404683E+00 7.7180352122E-01 1.3488914690E-11 -1.9952762402E-11 7.7180352122E-01 3.1085404683E+00 -1.0460271682E-11 1.6156617122E-11 2.1870488284E-11 1.8903413238E-11 2.9297983497E+00 -6.9543137498E-01 -2.0234935156E-11 -1.7911500216E-11 6.9543137498E-01 2.9297983497E+00
70.00 3.0780285877E+00 6.8972378249E-01 1.2500028673E-11 -2.0941848851E-11 6.8972378249E-01 3.0780285877E+00 -9.3329778563E-12 1.7355890235E-11 2.0855108403E-11 1.7701072340E-11 2.9049053356E+00 -7.4837562907E-01 -2.0938005824E-11 -1.8802322297E-11 7.4837562907E-01 2.9049053356E+00
71.00 3.0475099740E+00 6.0674119147E-01 1.1490255877E-11 -2.1825498726E-11 6.0674119147E-01 3.0475099740E+00 -8.2034855544E-12 1.8451623177E-11 1.9810545416E-11 1.6489493908E-11 2.8796398269E+00 -7.9174278389E-01 -2.1538779929E-11 -1.9592206092E-11 7.9174278389E-01 2.8796398269E+00
72.00 3.0152186195E+00 5.2364836640E-01 1.0462797816E-11 -2.2603584908E-11 5.2364836640E-01 3.0152186195E+00 -7.0740064436E-12 1.9441528824E-11 1.8740368155E-11 1.5271166196E-11 2.8522469082E+00 -8.2584701147E-01 -2.2038273641E-11 -2.0280552459E-11 8.2584701147E-01 2.8522469082E+00
73.00 2.9797298905E+00 4.4119477739E-01 9.4204950489E-12 -2.3274579604E-11 4.4119477739E-01 2.9797298905E+00 -5.9470555899E-12 2.0325635179E-11 1.7647415896E-11 1.4049151635E-11 2.8213200978E+00 -8.5105246281E-01 -2.2436535263E-11 -2.0868585809E-11 8.5105246281E-01 2.8213200978E+00
74.00 2.9399412609E+00 3.6008040697E-01 8.3659144939E-12 -2.3839249286E-11 3.6008040697E-01 2.9399412609E+00 -4.8257054349E-12 2.1102688831E-11 1.6534726527E-11 1.2826585742E-11 2.7857812315E+00 -8.6776704715E-01 -2.2735585212E-11 -2.1356387604E-11 8.6776704715E-01 2.7857812315E+00
75.00 2.8950510686E+00 2.8095050176E-01 7.3025545654E-12 -2.4297385653E-11 2.8095050176E-01 2.8950510686E+00 -3.7120612311E-12 2.1773257311E-11 1.5405711037E-11 1.1606080391E-11 2.7448582978E+00 -8.7643621013E-01 -2.2936432427E-11 -2.1745772987E-11 8.7643621013E-01 2.7448582978E+00
76.00 2.8445356680E+00 2.0439143615E-01 6.2329605445E-12 -2.4649886772E-11 2.0439143615E-01 2.8445356680E+00 -2.6092179985E-12 2.2337813579E-11 1.4263104300E-11 1.0390919248E-11 2.6980616186E+00 -8.7753678523E-01 -2.3041260737E-11 -2.2038236245E-11 8.7753678523E-01 2.6980616186E+00
77.00 2.7881253434E+00 1.3092768941E-01 5.1613012409E-12 -2.4899084572E-11 1.3092768941E-01 2.7881253434E+00 -1.5187187497E-12 2.2796208702E-11 1.3111334928E-11 9.1826585836E-12 2.6451587637E+00 -8.7157098707E-01 -2.3053045196E-11 -2.2235084271E-11 8.7157098707E-01 2.6451587637E+00
78.00 2.7257793402E+00 6.1019919561E-02 4.0902091866E-12 -2.5045069468E-11 6.1019919561E-02 2.7257793402E+00 -4.4364054945E-13 2.3151342974E-11 1.1952676732E-11 7.9849011266E-12 2.5861485751E+00 -8.5906060826E-01 -2.2973139613E-11 -2.2339855892E-11 8.5906060826E-01 2.5861485751E+00
79.00 2.6576603534E+00 -4.9359003049E-03 3.0227761417E-12 -2.5090906111E-11 -4.9359003049E-03 2.6576603534E+00 6.1353208365E-13 2.3404021716E-11 1.0790510286E-11 6.7999402804E-12 2.5212346619E+00 -8.4054147473E-01 -2.2805380207E-11 -2.2354310542E-11 8.4054147473E-01 2.5212346619E+00
80.00 2.5841088000E+00 -6.6608333249E-02 1.9621636218E-12 -2.5039286646E-11 -6.6608333249E-02 2.5841088000E+00 1.6502231910E-12 2.3556252345E-11 9.6280297204E-12 5.6303276736E-12 2.4507987097E+00 -8.1655820651E-01 -2.2553199233E-11 -2.2281145876E-11 8.1655820651E-01 2.4507987097E+00
81.00 2.5056171789E+00 -1.2372938164E-01 9.1112849311E-13 -2.4892103877E-11 -1.2372938164E-01 2.5056171789E+00 2.6637221390E-12 2.3611527672E-11 8.4676052240E-12 4.4790610238E-12 2.3753739237E+00 -7.8765932353E-01 -2.2219261837E-11 -2.2124344313E-11 7.8765932353E-01 2.3753739237E+00
82.00 2.4228048048E+00 -1.7609251932E-01 -1.2707743892E-13 -2.4653753866E-11 -1.7609251932E-01 2.4228048048E+00 3.6518681904E-12 2.3571573350E-11 7.3127469948E-12 3.3478577405E-12 2.2956189054E+00 -7.5439272782E-01 -2.1808398735E-11 -2.1886202404E-11 7.5439272782E-01 2.2956189054E+00
83.00 2.3363931735E+00 -2.2354994040E-01 -1.1488286899E-12 -2.4326660733E-11 -2.2354994040E-01 2.3363931735E+00 4.6129145076E-12 2.3440726673E-11 6.1665788052E-12 2.2386716506E-12 2.2122922320E+00 -7.1730158596E-01 -2.1323211092E-11 -2.1571620063E-11 7.1730158596E-01 2.2122922320E+00
84.00 2.2471821987E+00 -2.6600912120E-01 -2.1523511844E-12 -2.3915651193E-11 -2.6600912120E-01 2.2471821987E+00 5.5435058954E-12 2.3221460994E-11 5.0309850131E-12 1.1543526275E-12 2.1262279854E+00 -6.7692062756E-01 -2.0769234519E-11 -2.1182896483E-11 6.7692062756E-01 2.1262279854E+00
85.00 2.1560275283E+00 -3.0342879838E-01 -3.1336745226E-12 -2.3424161763E-11 -3.0342879838E-01 2.1560275283E+00 6.4425508103E-12 2.2918455199E-11 3.9095385490E-12 9.5962140041E-14 2.0383124438E+00 -6.3377286821E-01 -2.0149638457E-11 -2.0725201863E-11 6.3377286821E-01 2.0383124438E+00
86.00 2.0638191254E+00 -3.3581447087E-01 -4.0906092909E-12 -2.2856845728E-11 -3.3581447087E-01 2.0638191254E+00 7.3074401174E-12 2.2535539392E-11 2.8042451524E-12 -9.3424930859E-13 1.9494621261E+00 -5.8836675830E-01 -1.9469324376E-11 -2.0202135940E-11 5.8836675830E-01 1.9494621261E+00
87.00 1.9714612727E+00 -3.6321353577E-01 -5.0207212049E-12 -2.2218415623E-11 -3.6321353577E-01 1.9714612727E+00 8.1359890345E-12 2.2076794301E-11 1.7172682460E-12 -1.9344840168E-12 1.8606033430E+00 -5.4119375225E-01 -1.8733052755E-11 -1.9617532396E-11 5.4119375225E-01 1.8606033430E+00
88.00 1.8798541312E+00 -3.8571016880E-01 -5.9212047700E-12 -2.1513339664E-11 -3.8571016880E-01 1.8798541312E+00 8.9266135235E-12 2.1547281689E-11 6.5101770048E-13 -2.9034081175E-12 1.7726533860E+00 -4.9272628652E-01 -1.7944941467E-11 -1.8976308844E-11 4.9272628652E-01 1.7726533860E+00
89.00 1.7898769570E+00 -4.0342005837E-01 -6.7896117192E-12 -2.0746706372E-11 -4.0342005837E-01 1.7898769570E+00 9.6775549663E-12 2.0951583872E-11 -3.9234362490E-13 -3.8397499381E-12 1.6865034528E+00 -4.4341614929E-01 -1.7109798341E-11 -1.8282634863E-11 4.4341614929E-01 1.6865034528E+00
90.00 1.7023730575E+00 -4.1648509916E-01 -7.6237050348E-12 -1.9923441349E-11 -4.1648509916E-01 1.7023730575E+00 1.0387200699E-11 2.0294830968E-11 -1.4109788815E-12 -4.7422794731E-12 1.6030033805E+00 -3.9369321976E-01 -1.6232110433E-11 -1.7541173411E-11 3.9369321976E-01 1.6030033805E+00
91.00 1.6181365400E+00 -4.2506814572E-01 -8.4215581430E-12 -1.9049056245E-11 -4.2506814572E-01 1.6181365400E+00 1.1053824883E-11 1.9581878662E-11 -2.4032982341E-12 -5.6097648342E-12 1.5229482334E+00 -3.4396455062E-01 -1.5316995021E-11 -1.6756030212E-11 3.4396455062E-01 1.5229482334E+00
92.00 1.5379008831E+00 -4.2934792049E-01 -9.1808877627E-12 -1.8128813213E-11 -4.2934792049E-01 1.5379008831E+00 1.1676316525E-11 1.8817903927E-11 -3.3673476682E-12 -6.4416585306E-12 1.4470667640E+00 -2.9461376403E-01 -1.4369037710E-11 -1.5931748730E-11 2.9461376403E-01 1.4470667640E+00
93.00 1.4623293382E+00 -4.2951416218E-01 -9.9000976291E-12 -1.7167888313E-11 -4.2951416218E-01 1.4623293382E+00 1.2253317373E-11 1.8008340285E-11 -4.3020028564E-12 -7.2369967225E-12 1.3760117439E+00 -2.4600072839E-01 -1.3392738458E-11 -1.5072967016E-11 2.4600072839E-01 1.3760117439E+00
94.00 1.3920071482E+00 -4.2576309179E-01 -1.0577369157E-11 -1.6172167901E-11 -4.2576309179E-01 1.3920071482E+00 1.2783838164E-11 1.7158123281E-11 -5.2056932497E-12 -7.9954410383E-12 1.3103521400E+00 -1.9846148140E-01 -1.2393315356E-11 -1.4183595810E-11 1.9846148140E-01 1.3103521400E+00
95.00 1.3274355482E+00 -4.1829326309E-01 -1.1211129386E-11 -1.5146457297E-11 -4.1829326309E-01 1.3274355482E+00 1.3266976205E-11 1.6273257064E-11 -6.0773488734E-12 -8.7164884026E-12 1.2505670886E+00 -1.5230836368E-01 -1.1374506206E-11 -1.3268886653E-11 1.5230836368E-01 1.2505670886E+00
96.00 1.2690274969E+00 -4.0730185379E-01 -1.1800140016E-11 -1.4096334020E-11 -4.0730185379E-01 1.2690274969E+00 1.3701915535E-11 1.5358846318E-11 -6.9160536369E-12 -9.3998689062E-12 1.1970416069E+00 -1.0783032650E-01 -1.0341085181E-11 -1.2332843043E-11 1.0783032650E-01 1.1970416069E+00
97.00 1.2171050700E+00 -3.9298144220E-01 -1.2343310406E-11 -1.3027396449E-11 -3.9298144220E-01 1.2171050700E+00 1.4087962829E-11 1.4420074900E-11 -7.7210621779E-12 -1.0045384803E-11 1.1500639601E+00 -6.5293377693E-02 -9.2977634605E-12 -1.1379469998E-11 6.5293377693E-02 1.1500639601E+00
98.00 1.1718984316E+00 -3.7551730251E-01 -1.2839457001E-11 -1.1944810507E-11 -3.7551730251E-01 1.1718984316E+00 1.4424789794E-11 1.3462349934E-11 -8.4914777959E-12 -1.0653246970E-11 1.1098245941E+00 -2.4941130474E-02 -8.2486425979E-12 -1.0413111979E-11 2.4941130474E-02 1.1098245941E+00
99.00 1.1335462883E+00 -3.5508524019E-01 -1.3287820072E-11 -1.0853724409E-11 -3.5508524019E-01 1.1335462883E+00 1.4712183277E-11 1.2490908903E-11 -9.2268044707E-12 -1.1223691782E-11 1.0764165276E+00 1.3004578548E-02 -7.1978372010E-12 -9.4378583424E-12 -1.3004578548E-02 1.0764165276E+00
100.00 1.1020977169E+00 -3.3184997720E-01 -1.3687703691E-11 -9.7594451290E-12 -3.3184997720E-01 1.1020977169E+00 1.4949874556E-11 1.1510761805E-11 -9.9266489236E-12 -1.1756888313E-11 1.0498370927E+00 4.8343033668E-02 -6.1496510971E-12 -8.4574540898E-12 -4.8343033668E-02 1.0498370927E+00
101.00 1.0775152508E+00 -3.0596408585E-01 -1.4038793506E-11 -8.6665662318E-12 -3.0596408585E-01 1.0775152508E+00 1.5137900288E-11 1.0527208329E-11 -1.0590895094E-11 -1.2253240745E-11 1.0299909021E+00 8.0893975761E-02 -5.1074917183E-12 -7.4761399660E-12 -8.0893975761E-02 1.0299909021E+00
102.00 1.0596790994E+00 -2.7756745882E-01 -1.4340693273E-11 -7.5804478961E-12 -2.7756745882E-01 1.0596790994E+00 1.5276494707E-11 9.5445901789E-12 -1.1219346991E-11 -1.2713322157E-11 1.0166939177E+00 1.1049695528E-01 -4.0758293160E-12 -6.4968753728E-12 -1.1049695528E-01 1.0166939177E+00
103.00 1.0483923721E+00 -2.4678729340E-01 -1.4593428990E-11 -6.5051662052E-12 -2.4678729340E-01 1.0483923721E+00 1.5365824141E-11 8.5681289719E-12 -1.1812133456E-11 -1.3137622559E-11 1.0096784928E+00 1.3701072512E-01 -3.0574804970E-12 -5.5239103761E-12 -1.3701072512E-01 1.0096784928E+00
104.00 1.0433871721E+00 -2.1373855827E-01 -1.4796774646E-11 -5.4454271440E-12 -2.1373855827E-01 1.0433871721E+00 1.5406774264E-11 7.6020983861E-12 -1.2369019240E-11 -1.3527325201E-11 1.0085992565E+00 1.6031269221E-01 -2.0562344180E-12 -4.5602177861E-12 -1.6031269221E-01 1.0085992565E+00
105.00 1.0443314258E+00 -1.7852490342E-01 -1.4951171614E-11 -4.4053710529E-12 -1.7852490342E-01 1.0443314258E+00 1.5399724596E-11 6.6509559049E-12 -1.2890503247E-11 -1.3882962200E-11 1.0130397116E+00 1.8029844268E-01 -1.0751488801E-12 -3.6091945013E-12 -1.8029844268E-01 1.0130397116E+00
106.00 1.0508363102E+00 -1.4123996599E-01 -1.5056964028E-11 -3.3892541528E-12 -1.4123996599E-01 1.0508363102E+00 1.5345539496E-11 5.7185276735E-12 -1.3376905554E-11 -1.4205475878E-11 1.0225194161E+00 1.9688135165E-01 -1.1755613234E-13 -2.6735385601E-12 -1.9688135165E-01 1.0225194161E+00
107.00 1.0624641443E+00 -1.0196901958E-01 -1.5114932209E-11 -2.4000936741E-12 -1.0196901958E-01 1.0624641443E+00 1.5244983464E-11 4.8093952849E-12 -1.3828729128E-11 -1.4495815373E-11 1.0365016245E+00 2.0999228414E-01 8.1458846420E-13 -1.7569345031E-12 -2.0999228414E-01 1.0365016245E+00
108.00 1.0787366109E+00 -6.0790909040E-02 -1.5125524243E-11 -1.4424080635E-12 -6.0790909040E-02 1.0787366109E+00 1.5099385976E-11 3.9262678967E-12 -1.4246404307E-11 -1.4755119266E-11 1.0544012674E+00 2.1957938998E-01 1.7174863421E-12 -8.6096590335E-13 -2.1957938998E-01 1.0544012674E+00
109.00 1.0991431801E+00 -1.7780209842E-02 -1.5089398016E-11 -5.1898383755E-13 -1.7780209842E-02 1.0991431801E+00 1.4910259135E-11 3.0729842923E-12 -1.4630219219E-11 -1.4984884922E-11 1.0755931521E+00 2.2560799127E-01 2.5891714951E-12 1.1424115904E-14 -2.2560799127E-01 1.0755931521E+00
110.00 1.1231496108E+00 2.6990451481E-02 -1.5008282370E-11 3.6729128144E-13 2.6990451481E-02 1.1231496108E+00 1.4678207490E-11 2.2527280322E-12 -1.4981539226E-11 -1.5185542249E-11 1.0994202772E+00 2.2806055722E-01 3.4276419811E-12 8.5771200649E-13 -2.2806055722E-01 1.0994202772E+00
111.00 1.1502064115E+00 7.3447980189E-02 -1.4882952195E-11 1.2139747535E-12 7.3447980189E-02 1.1502064115E+00 1.4405128222E-11 1.4685688936E-12 -1.5300649375E-11 -1.5358769703E-11 1.1252021557E+00 2.2693675771E-01 4.2310067233E-12 1.6756775889E-12 -2.2693675771E-01 1.1252021557E+00
112.00 1.1797571501E+00 1.2151636359E-01 -1.4714666101E-11 2.0181158552E-12 1.2151636359E-01 1.1797571501E+00 1.4092660084E-11 7.2263178308E-13 -1.5588412550E-11 -1.5505754195E-11 1.1522430521E+00 2.2225358335E-01 4.9969106437E-12 2.4638148299E-12 -2.2225358335E-01 1.1522430521E+00
113.00 1.2112465083E+00 1.7111425140E-01 -1.4504691369E-11 2.7776536269E-12 1.7111425140E-01 1.2112465083E+00 1.3742683787E-11 1.7140324651E-14 -1.5845516624E-11 -1.5627893300E-11 1.1798400457E+00 2.1404551724E-01 5.7237861434E-12 3.2204496544E-12 -2.1404551724E-01 1.1798400457E+00
114.00 1.2441279877E+00 2.2215262640E-01 -1.4254959424E-11 3.4909409842E-12 2.2215262640E-01 1.2441279877E+00 1.3356663808E-11 -6.4565842254E-13 -1.6073150464E-11 -1.5726205142E-11 1.2072908399E+00 2.0236474075E-01 6.4104280156E-12 3.9437331017E-12 -2.0236474075E-01 1.2072908399E+00
115.00 1.2778711799E+00 2.7453262195E-01 -1.3967070586E-11 4.1564452065E-12 2.7453262195E-01 1.2778711799E+00 1.2936552312E-11 -1.2640942543E-12 -1.6272161980E-11 -1.5802004422E-11 1.2339012466E+00 1.8728135379E-01 7.0555963848E-12 4.6323400783E-12 -1.8728135379E-01 1.2339012466E+00
116.00 1.3119685262E+00 3.2814353852E-01 -1.3642648030E-11 4.7728823310E-12 3.2814353852E-01 1.3119685262E+00 1.2484505934E-11 -1.8368144126E-12 -1.6443380237E-11 -1.5856689672E-11 1.2589922817E+00 1.6888358835E-01 7.6582099648E-12 5.2851538033E-12 -1.6888358835E-01 1.2589922817E+00
117.00 1.3459415000E+00 3.8286110615E-01 -1.3283621247E-11 5.3393555788E-12 3.8286110615E-01 1.3459415000E+00 1.2002566237E-11 -2.3626217780E-12 -1.6587820112E-11 -1.5891508245E-11 1.2819068170E+00 1.4727799292E-01 8.2174749032E-12 5.9010932942E-12 -1.4727799292E-01 1.2819068170E+00
118.00 1.3793461557E+00 4.3854603366E-01 -1.2892202190E-11 5.8552686933E-12 4.3854603366E-01 1.3793461557E+00 1.1492623036E-11 -2.8406952979E-12 -1.6706633975E-11 -1.5907511311E-11 1.3020157419E+00 1.2258956486E-01 8.7328260649E-12 6.4793393953E-12 -1.2258956486E-01 1.3020157419E+00
119.00 1.4117779989E+00 4.9504287913E-01 -1.2470276261E-11 6.3202803085E-12 4.9504287913E-01 1.4117779989E+00 1.0957027839E-11 -3.2704657312E-12 -1.6800677785E-11 -1.5906026109E-11 1.3187235954E+00 9.4961807800E-02 9.2038060403E-12 7.0192467572E-12 -9.4961807800E-02 1.3187235954E+00
120.00 1.4428761414E+00 5.5217926902E-01 -1.2019723813E-11 6.7340331135E-12 5.5217926902E-01 1.4428761414E+00 1.0398307403E-11 -3.6518983159E-12 -1.6870800350E-11 -1.5888421229E-11 1.3314736377E+00 6.4556691453E-02 9.6299325402E-12 7.5204901218E-12 -6.4556691453E-02 1.3314736377E+00
121.00 1.4723267161E+00 6.0976548637E-01 -1.1543192882E-11 7.0968112463E-12 6.0976548637E-01 1.4723267161E+00 9.8182685428E-12 -3.9849607821E-12 -1.6918271216E-11 -1.5855504375E-11 1.3397523370E+00 3.1554492319E-02 1.0011226280E-11 7.9827195511E-12 -3.1554492319E-02 1.3397523370E+00
122.00 1.4998655354E+00 6.6759444105E-01 -1.1042323700E-11 7.4094136835E-12 6.6759444105E-01 1.4998655354E+00 9.2199114424E-12 -4.2695608497E-12 -1.6943697544E-11 -1.5808845183E-11 1.3430932548E+00 -3.8465048775E-03 1.0347967459E-11 8.4055531633E-12 3.8465048775E-03 1.3430932548E+00
123.00 1.5252799883E+00 7.2544202756E-01 -1.0520221838E-11 7.6721187801E-12 7.2544202756E-01 1.5252799883E+00 8.6047098963E-12 -4.5067012471E-12 -1.6948521284E-11 -1.5748906200E-11 1.3410803198E+00 -4.1430463160E-02 1.0640149167E-11 8.7893125991E-12 4.1430463160E-02 1.3410803198E+00
124.00 1.5484101771E+00 7.8306786900E-01 -9.9783517227E-12 7.8862934067E-12 7.8306786900E-01 1.5484101771E+00 7.9759360574E-12 -4.6967214073E-12 -1.6933175246E-11 -1.5677249032E-11 1.3333504862E+00 -8.0964622539E-02 1.0888420263E-11 9.1338712319E-12 8.0964622539E-02 1.3333504862E+00
125.00 1.5691493085E+00 8.4021643859E-01 -9.4196597439E-12 8.0525685870E-12 8.4021643859E-01 1.5691493085E+00 7.3353764940E-12 -4.8412034042E-12 -1.6898905174E-11 -1.5594478655E-11 1.3195957792E+00 -1.2220011560E-01 1.1093012859E-11 9.4398789204E-12 1.2220011560E-01 1.3195957792E+00
126.00 1.5874433559E+00 8.9661854346E-01 -8.8458143072E-12 8.1725076809E-12 8.9661854346E-01 1.5874433559E+00 6.6861238665E-12 -4.9412690628E-12 -1.6846212920E-11 -1.5501881898E-11 1.2995647335E+00 -1.6487297947E-01 1.1254800008E-11 9.7076851164E-12 1.6487297947E-01 1.2995647335E+00
127.00 1.6032900243E+00 9.5199314954E-01 -8.2602534966E-12 8.2483286252E-12 9.5199314954E-01 1.6032900243E+00 6.0294815108E-12 -4.9976729959E-12 -1.6776536814E-11 -1.5399647107E-11 1.2730632402E+00 -2.0870537078E-01 1.1374816006E-11 9.9375130370E-12 2.0870537078E-01 1.2730632402E+00
128.00 1.6167370496E+00 1.0060495204E+00 -7.6645188831E-12 8.2813757821E-12 1.0060495204E+00 1.6167370496E+00 5.3686666192E-12 -5.0126473102E-12 -1.6690254236E-11 -1.5289045404E-11 1.2399548174E+00 -2.5340698670E-01 1.1453926578E-11 1.0130414154E-11 2.5340698670E-01 1.2399548174E+00
129.00 1.6278798758E+00 1.0584896382E+00 -7.0612220419E-12 8.2736813425E-12 1.0584896382E+00 1.6278798758E+00 4.7057836998E-12 -4.9878747421E-12 -1.6588271728E-11 -1.5170634477E-11 1.2001603267E+00 -2.9867669146E-01 1.1493166924E-11 1.0287085565E-11 2.9867669146E-01 1.2001603267E+00
130.00 1.6368587564E+00 1.1090108697E+00 -6.4527577160E-12 8.2267825077E-12 1.1090108697E+00 1.6368587564E+00 4.0430453162E-12 -4.9259940464E-12 -1.6471233658E-11 -1.5045045154E-11 1.1536571627E+00 -3.4420434363E-01 1.1493528740E-11 1.0408792324E-11 3.4420434363E-01 1.1536571627E+00
131.00 1.6438553325E+00 1.1573088389E+00 -5.8414655261E-12 8.1440543699E-12 1.1573088389E+00 1.6438553325E+00 3.3827936247E-12 -4.8280474511E-12 -1.6340038726E-11 -1.4912820718E-11 1.1004779426E+00 -3.8967281598E-01 1.1456767830E-11 1.0496054818E-11 3.8967281598E-01 1.1004779426E+00
132.00 1.6490887439E+00 1.2030804612E+00 -5.2293478958E-12 8.0268403477E-12 1.2030804612E+00 1.6490887439E+00 2.7274708591E-12 -4.6974114611E-12 -1.6195035848E-11 -1.4774633292E-11 1.0407087304E+00 -4.3476019557E-01 1.1383952796E-11 1.0550464672E-11 4.3476019557E-01 1.0407087304E+00
133.00 1.6528113335E+00 1.2460270959E+00 -4.6190807116E-12 7.8787285975E-12 1.2460270959E+00 1.6528113335E+00 2.0788761316E-12 -4.5354010125E-12 -1.6037200507E-11 -1.4630662968E-11 9.7448683019E-01 -4.7914214810E-01 1.1276895111E-11 1.0572851174E-11 4.7914214810E-01 9.7448683019E-01
134.00 1.6553040082E+00 1.2858577702E+00 -4.0126366154E-12 7.7013549686E-12 1.2858577702E+00 1.6553040082E+00 1.4393125232E-12 -4.3454873385E-12 -1.5866815684E-11 -1.4481459792E-11 9.0199818624E-01 -5.2249442715E-01 1.1136873432E-11 1.0564841308E-11 5.2249442715E-01 9.0199818624E-01
135.00 1.6568713209E+00 1.3222924267E+00 -3.4119514976E-12 7.4978151668E-12 1.3222924267E+00 1.6568713209E+00 8.1108007414E-13 -4.1298641945E-12 -1.5684461273E-11 -1.4327387731E-11 8.2347442996E-01 -5.6449550530E-01 1.0965726253E-11 1.0527602877E-11 5.6449550530E-01 8.2347442996E-01
136.00 1.6578363407E+00 1.3550651500E+00 -2.8195563627E-12 7.2712479879E-12 1.3550651500E+00 1.6578363407E+00 1.9570613803E-13 -3.8908151819E-12 -1.5490844415E-11 -1.4168495289E-11 7.3918961577E-01 -6.0482930137E-01 1.0765208872E-11 1.0462577229E-11 6.0482930137E-01 7.3918961577E-01
137.00 1.6585353778E+00 1.3839273238E+00 -2.2372476575E-12 7.0237589232E-12 1.3839273238E+00 1.6585353778E+00 -4.0470192092E-13 -3.6317232477E-12 -1.5286193820E-11 -1.4005143315E-11 6.4945668848E-01 -6.4318797525E-01 1.0536957680E-11 1.0371397702E-11 6.4318797525E-01 6.4945668848E-01
138.00 1.6593126306E+00 1.4086506769E+00 -1.6670056432E-12 6.7585906955E-12 1.4086506769E+00 1.6593126306E+00 -9.8834052006E-13 -3.3548974696E-12 -1.5071029742E-11 -1.3837390189E-11 5.5462372645E-01 -6.7927475939E-01 1.0282869492E-11 1.0255470405E-11 6.7927475939E-01 5.5462372645E-01
139.00 1.6605148218E+00 1.4290301737E+00 -1.1108005559E-12 6.4788130713E-12 1.4290301737E+00 1.6605148218E+00 -1.5535750710E-12 -3.0628670394E-12 -1.4845826964E-11 -1.3665268993E-11 4.5507000526E-01 -7.1280679436E-01 1.0004808424E-11 1.0116375167E-11 7.1280679436E-01 4.5507000526E-01
140.00 1.6624858865E+00 1.4448867121E+00 -5.6996274043E-13 6.1860848330E-12 1.4448867121E+00 1.6624858865E+00 -2.0983298251E-12 -2.7595338533E-12 -1.4610561999E-11 -1.3489096360E-11 3.5120192696E-01 -7.4351793436E-01 9.7046097542E-12 9.9557904687E-12 7.4351793436E-01 3.5120192696E-01
141.00 1.6655617789E+00 1.4560695903E+00 -4.7011296081E-14 5.8848686280E-12 1.4560695903E+00 1.6655617789E+00 -2.6218510352E-12 -2.4459875137E-12 -1.4366091213E-11 -1.3308418549E-11 2.4344885971E-01 -7.7116148771E-01 9.3841639973E-12 9.7752839008E-12 7.7116148771E-01 2.4344885971E-01
142.00 1.6700654532E+00 1.4624587129E+00 4.5692470875E-13 5.5764052762E-12 1.4624587129E+00 1.6700654532E+00 -3.1222154744E-12 -2.1264450697E-12 -1.4112247413E-11 -1.3123589051E-11 1.3225893241E-01 -7.9551285701E-01 9.0453298250E-12 9.5765260520E-12 7.9551285701E-01 1.3225893241E-01
143.00 1.6763020806E+00 1.4639665053E+00 9.4024420641E-13 5.2639874883E-12 1.4639665053E+00 1.6763020806E+00 -3.5981736691E-12 -1.8029993570E-12 -1.3849467693E-11 -1.2934403057E-11 1.8094827966E-02 -8.1637204383E-01 8.6900854094E-12 9.3611214260E-12 8.1637204383E-01 1.8094827966E-02
144.00 1.6845545527E+00 1.4605395140E+00 1.4018704685E-12 4.9510670766E-12 1.4605395140E+00 1.6845545527E+00 -4.0481265767E-12 -1.4774349554E-12 -1.3578211818E-11 -1.2740507430E-11 -9.8570382429E-02 -8.3356598351E-01 8.3203570065E-12 9.1305796160E-12 8.3356598351E-01 -9.8570382429E-02
145.00 1.6950793215E+00 1.4521596720E+00 1.8396580422E-12 4.6386164921E-12 1.4521596720E+00 1.6950793215E+00 -4.4717778714E-12 -1.1538578780E-12 -1.3298251076E-11 -1.2542168883E-11 -2.1725732299E-01 -8.4695067663E-01 7.9378404784E-12 8.8867245651E-12 8.4695067663E-01 -2.1725732299E-01
146.00 1.7081026217E+00 1.4388452161E+00 2.2533810643E-12 4.3300377566E-12 1.4388452161E+00 1.7081026217E+00 -4.8671341728E-12 -8.3376626899E-13 -1.3010097234E-11 -1.2338922437E-11 -3.3748427611E-01 -8.5641308591E-01 7.5446717049E-12 8.6309270843E-12 8.5641308591E-01 -3.3748427611E-01
147.00 1.7238171140E+00 1.4206512427E+00 2.6413817658E-12 4.0279159322E-12 1.4206512427E+00 1.7238171140E+00 -5.2338119214E-12 -5.1928715499E-13 -1.2714005215E-11 -1.2130548920E-11 -4.5877098748E-01 -8.6187276908E-01 7.1424275091E-12 8.3648923616E-12 8.6187276908E-01 -4.5877098748E-01
148.00 1.7423789845E+00 1.3976698999E+00 3.0024112823E-12 3.7340422495E-12 1.3976698999E+00 1.7423789845E+00 -5.5712327198E-12 -2.1308378299E-13 -1.2409952292E-11 -1.1916960594E-11 -5.8064227939E-01 -8.6328322110E-01 6.7328305134E-12 8.0901462596E-12 8.6328322110E-01 -5.8064227939E-01
149.00 1.7639055290E+00 1.3700302115E+00 3.3356565340E-12 3.4505670537E-12 1.3700302115E+00 1.7639055290E+00 -5.8786765386E-12 8.2770960204E-14 -1.2098159203E-11 -1.1697991094E-11 -7.0263144108E-01 -8.6063290234E-01 6.3176766943E-12 7.8082117449E-12 8.6063290234E-01 -7.0263144108E-01
150.00 1.7884732456E+00 1.3378975385E+00 3.6408740006E-12 3.1796878791E-12 1.3378975385E+00 1.7884732456E+00 -6.1550129486E-12 3.6653950445E-13 -1.1778966104E-11 -1.1473204697E-11 -8.2428336801E-01 -8.5394593261E-01 5.8987066625E-12 7.5204064960E-12 8.5394593261E-01 -8.2428336801E-01
151.00 1.8161164529E+00 1.3014726835E+00 3.9168004456E-12 2.9228395277E-12 1.3014726835E+00 1.8161164529E+00 -6.4003621337E-12 6.3595171044E-13 -1.1452337084E-11 -1.1242652824E-11 -9.4515742566E-01 -8.4328243490E-01 5.4774066039E-12 7.2281061586E-12 8.4328243490E-01 -9.4515742566E-01
152.00 1.8468264443E+00 1.2609906509E+00 4.1630500651E-12 2.6819020726E-12 1.2609906509E+00 1.8468264443E+00 -6.6142056291E-12 8.8958256514E-13 -1.1118509145E-11 -1.1005966209E-11 -1.0648300168E+00 -8.2873851667E-01 5.0553462245E-12 6.9326739096E-12 8.2873851667E-01 -1.0648300168E+00
153.00 1.8805511853E+00 1.2167190765E+00 4.3793515472E-12 2.4581920204E-12 1.2167190765E+00 1.8805511853E+00 -6.7961053831E-12 1.1256959176E-12 -1.0777679832E-11 -1.0762900123E-11 -1.1828968355E+00 -8.1044588092E-01 4.6340693802E-12 6.6351921006E-12 8.1044588092E-01 -1.1828968355E+00
154.00 1.9171955500E+00 1.1689563454E+00 4.5649113431E-12 2.2535378041E-12 1.1689563454E+00 1.9171955500E+00 -6.9464581994E-12 1.3434465339E-12 -1.0430032561E-11 -1.0513337460E-11 -1.2989747945E+00 -7.8857106386E-01 4.2146926922E-12 6.3372100380E-12 7.8857106386E-01 -1.2989747945E+00
155.00 1.9566220932E+00 1.1180294196E+00 4.7197321539E-12 2.0686218485E-12 1.1180294196E+00 1.9566220932E+00 -7.0649659206E-12 1.5410561860E-12 -1.0075718277E-11 -1.0257137655E-11 -1.4127036178E+00 -7.6331430021E-01 3.7986557975E-12 6.0394156563E-12 7.6331430021E-01 -1.4127036178E+00
156.00 1.9986523421E+00 1.0642913981E+00 4.8438804016E-12 1.9047018070E-12 1.0642913981E+00 1.9986523421E+00 -7.1515622921E-12 1.7178766677E-12 -9.7150817783E-12 -9.9939186303E-12 -1.5237470931E+00 -7.3490802218E-01 3.3871606327E-12 5.7430078066E-12 7.3490802218E-01 -1.5237470931E+00
157.00 2.0430685912E+00 1.0081188366E+00 4.9372316532E-12 1.7625703591E-12 1.0081188366E+00 2.0430685912E+00 -7.2065659645E-12 1.8729451813E-12 -9.3483317596E-12 -9.7236226351E-12 -1.6317939844E+00 -7.0361500265E-01 2.9812131305E-12 5.4488262269E-12 7.0361500265E-01 -1.6317939844E+00
158.00 2.0896161747E+00 9.4990885396E-01 4.9993816544E-12 1.6423048516E-12 9.4990885396E-01 2.0896161747E+00 -7.2307744312E-12 2.0050862786E-12 -8.9752871524E-12 -9.4464762614E-12 -1.7365586086E+00 -6.6972615724E-01 2.5820303326E-12 5.1575414741E-12 6.6972615724E-01 -1.7365586086E+00
159.00 2.1380061886E+00 8.9007605426E-01 5.0315394630E-12 1.5454075531E-12 8.9007605426E-01 2.1380061886E+00 -7.2236596366E-12 2.1148486438E-12 -8.5970433626E-12 -9.1616423936E-12 -1.8377810831E+00 -6.3355802490E-01 2.1901471691E-12 4.8702543374E-12 6.3355802490E-01 -1.8377810831E+00
160.00 2.1879186267E+00 8.2904929629E-01 5.0329669714E-12 1.4715178855E-12 8.2904929629E-01 2.1879186267E+00 -7.1867353336E-12 2.2012673648E-12 -8.2131073587E-12 -8.8697505507E-12 -1.9352272575E+00 -5.9544995007E-01 1.8064504423E-12 4.5874330730E-12 5.9544995007E-01 -1.9352272575E+00
161.00 2.2390058934E+00 7.6726833974E-01 5.0046865898E-12 1.4204343730E-12 7.6726833974E-01 2.2390058934E+00 -7.1200465395E-12 2.2639395864E-12 -7.8241074874E-12 -8.5704714477E-12 -2.0286883454E+00 -5.5576099406E-01 1.4319705621E-12 4.3093132093E-12 5.5576099406E-01 -2.0286883454E+00
162.00 2.2908966497E+00 7.0518040053E-01 4.9469039195E-12 1.3927245437E-12 7.0518040053E-01 2.2908966497E+00 -7.0245893530E-12 2.3035430698E-12 -7.4302845370E-12 -8.2638452098E-12 -2.1179802738E+00 -5.1486660607E-01 1.0667855802E-12 4.0367868821E-12 5.1486660607E-01 -2.1179802738E+00
163.00 2.3431999464E+00 6.4323664630E-01 4.8604490100E-12 1.3876897717E-12 6.4323664630E-01 2.3431999464E+00 -6.9009715721E-12 2.3199079889E-12 -7.0320529401E-12 -7.9498309020E-12 -2.2029427746E+00 -4.7315508815E-01 7.1171474929E-13 3.7699110469E-12 4.7315508815E-01 -2.2029427746E+00
164.00 2.3955095955E+00 5.8188866333E-01 4.7460521517E-12 1.4050813660E-12 5.8188866333E-01 2.3955095955E+00 -6.7500733217E-12 2.3135476776E-12 -6.6298400765E-12 -7.6284436772E-12 -2.2834382434E+00 -4.3102389061E-01 3.6697324186E-13 3.5089918633E-12 4.3102389061E-01 -2.2834382434E+00
165.00 2.4474087282E+00 5.2158492532E-01 4.6042811376E-12 1.4441946531E-12 5.2158492532E-01 2.4474087282E+00 -6.5731152358E-12 2.2849082064E-12 -6.2238383358E-12 -7.2999644931E-12 -2.3593503933E+00 -3.8887577715E-01 3.2864574417E-14 3.2541217762E-12 3.8887577715E-01 -2.3593503933E+00
166.00 2.4984744847E+00 4.6276729397E-01 4.4362711657E-12 1.5045297761E-12 4.6276729397E-01 2.4984744847E+00 -6.3709921721E-12 2.2350535414E-12 -5.8146849218E-12 -6.9643493658E-12 -2.4305827343E+00 -3.4711490042E-01 -2.9061170814E-13 3.0056193544E-12 3.4711490042E-01 -2.4305827343E+00
167.00 2.5482827831E+00 4.0586757997E-01 4.2427248791E-12 1.5845944887E-12 4.0586757997E-01 2.5482827831E+00 -6.1450293546E-12 2.1641835878E-12 -5.4024922399E-12 -6.6219633444E-12 -2.4970569111E+00 -3.0614283050E-01 -6.0298530867E-13 2.7628857063E-12 3.0614283050E-01 -2.4970569111E+00
168.00 2.5964131090E+00 3.5130419212E-01 4.0248058523E-12 1.6840868832E-12 3.5130419212E-01 2.5964131090E+00 -5.8964673218E-12 2.0741493123E-12 -4.9878777316E-12 -6.2729457541E-12 -2.5587109324E+00 -2.6635457922E-01 -9.0490246791E-13 2.5264868444E-12 2.6635457922E-01 -2.5587109324E+00
169.00 2.6424532730E+00 2.9947890062E-01 3.7837222458E-12 1.8012878264E-12 2.9947890062E-01 2.6424532730E+00 -5.6264222453E-12 1.9655882366E-12 -4.5712787738E-12 -5.9174083523E-12 -2.6154973262E+00 -2.2813466404E-01 -1.1960629934E-12 2.2957367525E-12 2.2813466404E-01 -2.6154973262E+00
170.00 2.6860040780E+00 2.5077373929E-01 3.5207516564E-12 1.9346045690E-12 2.5077373929E-01 2.6860040780E+00 -5.3363771788E-12 1.8394916726E-12 -4.1532262712E-12 -5.5557473664E-12 -2.6673812565E+00 -1.9185325444E-01 -1.4764479470E-12 2.0700536572E-12 1.9185325444E-01 -2.6673812565E+00
171.00 2.7266838442E+00 2.0554806978E-01 3.2369796217E-12 2.0833387234E-12 2.0554806978E-01 2.7266838442E+00 -5.0277901989E-12 1.6980595366E-12 -3.7340467937E-12 -5.1882037953E-12 -2.7143386351E+00 -1.5786244367E-01 -1.7470581475E-12 1.8497573280E-12 1.5786244367E-01 -2.7143386351E+00
172.00 2.7641327389E+00 1.6413582911E-01 2.9341239554E-12 2.2455258555E-12 1.6413582911E-01 2.7641327389E+00 -4.7019486413E-12 1.5424072461E-12 -3.3145419458E-12 -4.8149525716E-12 -2.7563542639E+00 -1.2649268698E-01 -2.0079066021E-12 1.6340074515E-12 1.2649268698E-01 -2.7563542639E+00
173.00 2.7980168611E+00 1.2684298010E-01 2.6132785091E-12 2.4194370132E-12 1.2684298010E-01 2.7980168611E+00 -4.3607038463E-12 1.3741786724E-12 -2.8948943120E-12 -4.4366198250E-12 -2.7934200399E+00 -9.8049445957E-02 -2.2594088127E-12 1.4223047567E-12 9.8049445957E-02 -2.7934200399E+00
174.00 2.8280320329E+00 9.3945182533E-02 2.2761752732E-12 2.6034588937E-12 9.3945182533E-02 2.8280320329E+00 -4.0054239850E-12 1.1951967366E-12 -2.4758420204E-12 -4.0533592268E-12 -2.8255332549E+00 -7.2810076516E-02 -2.5022235760E-12 1.2141416581E-12 7.2810076516E-02 -2.8255332549E+00
175.00 2.8539072561E+00 6.5685700865E-02 1.9241996278E-12 2.7957727960E-12 6.5685700865E-02 2.8539072561E+00 -3.6378793052E-12 1.0072751292E-12 -2.0577336679E-12 -3.6656873313E-12 -2.8526950193E+00 -5.1020995111E-02 -2.7369645279E-12 1.0088896642E-12 5.1020995111E-02 -2.8526950193E+00
176.00 2.8754077917E+00 4.2273562635E-02 1.5589761021E-12 2.9943106622E-12 4.2273562635E-02 2.8754077917E+00 -3.2597474255E-12 8.1215092436E-13 -1.6410948351E-12 -3.2740176204E-12 -2.8749088374E+00 -3.2895155037E-02 -2.9641105540E-12 8.0572441244E-13 3.2895155037E-02 -2.8749088374E+00
177.00 2.8923378291E+00 2.3881979631E-02 1.1822599448E-12 3.1972430881E-12 2.3881979631E-02 2.8923378291E+00 -2.8726676359E-12 6.1189507321E-13 -1.2265362274E-12 -2.8787006786E-12 -2.8921793585E+00 -1.8609861024E-02 -3.1844733872E-12 6.0405070931E-13 1.8609861024E-02 -2.8921793585E+00
178.00 2.9045427118E+00 1.0647042156E-02 7.9566892496E-13 3.4026054481E-12 1.0647042156E-02 2.9045427118E+00 -2.4784139139E-12 4.0843510051E-13 -8.1448094954E-13 -2.4802048981E-12 -2.9045113244E+00 -8.3049466889E-03 -3.3988161541E-12 4.0305832876E-13 8.3049466889E-03 -2.9045113244E+00
179.00 2.9119106974E+00 2.6666947658E-03 4.0100539804E-13 3.6082580859E-12 2.6666947658E-03 2.9119106974E+00 -2.0788258320E-12 2.0379356872E-13 -4.0548815880E-13 -2.0790501060E-12 -2.9119087325E+00 -2.0813352948E-03 -3.6077840593E-12 2.0197533791E-13 2.0813352948E-03 -2.9119087325E+00
180.00 2.9143742276E+00 1.0348709736E-15 -1.0104462691E-17 3.8122857626E-12 1.0348709736E-15 2.9143742276E+00 -1.6756113596E-12 -1.0350431032E-17 1.0104462689E-17 -1.6756113596E-12 -2.9143742276E+00 -6.0476797181E-16 -3.8122857626E-12 -1.0350431033E-17 6.0476797181E-16 -2.9143742276E+00
