theta s11 s12 s13 s14 s21 s22 s23 s24 s31 s32 s33 s34 s41 s42 s43 s44
0.00 1.4154797709E+002 0.0000000000E+000 0.0000000000E+000 -3.3684017230E-011 0.0000000000E+000 1.4154797709E+002 -2.7069292409E-011 0.0000000000E+000 0.0000000000E+000 2.7069292409E-011 1.4154797709E+002 0.0000000000E+000 -3.3684017230E-011 0.0000000000E+000 0.0000000000E+000 1.4154797709E+002
1.00 1.4140075253E+002 -5.8903788108E-003 4.6175023944E-012 -3.8338723566E-011 -5.8903788108E-003 1.4140075253E+002 -3.1667528529E-011 4.6622184995E-012 4.6134850561E-012 3.1667008126E-011 1.4140075206E+002 9.9513432151E-003 -3.8338854162E-011 -4.6628500511E-012 -9.9513432151E-003 1.4140075206E+002
2.00 1.4095991989E+002 -2.3466973031E-002 9.2151817149E-012 -4.2951755742E-011 -2.3466973031E-002 1.4095991989E+002 -3.6202759122E-011 9.3066657305E-012 9.1970558165E-012 3.6198604467E-011 1.4095991235E+002 3.9706967829E-002 -4.2952799386E-011 -9.3097124077E-012 -3.9706967829E-002 1.4095991235E+002
3.00 1.4022799503E+002 -5.2447619209E-002 1.3773632255E-011 -4.7512368945E-011 -5.2447619209E-002 1.4022799503E+002 -4.0654996990E-011 1.3922639086E-011 1.3728282154E-011 4.0641017632E-011 1.4022795700E+002 8.8972731718E-002 -4.7515884938E-011 -1.3930658608E-011 -8.8972731718E-002 1.4022795700E+002
4.00 1.3920914702E+002 -9.2366897953E-002 1.8273859446E-011 -5.2008649489E-011 -9.2366897953E-002 1.3920914702E+002 -4.5006169509E-011 1.8499045989E-011 1.8185250345E-011 4.4973166732E-011 1.3920902755E+002 1.5726196114E-001 -5.2016963333E-011 -1.8515358874E-011 -1.5726196114E-001 1.3920902755E+002
5.00 1.3790916238E+002 -1.4258332938E-001 2.2696542511E-011 -5.6430234790E-011 -1.4258332938E-001 1.3790916238E+002 -4.9238245529E-011 2.3024047281E-011 2.2545853804E-011 4.9174112777E-011 1.3790887299E+002 2.4390074889E-001 -5.6446422548E-011 -2.3052720236E-011 -2.4390074889E-001 1.3790887299E+002
6.00 1.3633539559E+002 -2.0228928009E-001 2.7024125230E-011 -6.0765381306E-011 -2.0228928009E-001 1.3633539559E+002 -5.3332449524E-011 2.7487792660E-011 2.6789917107E-011 5.3222296689E-011 1.3633480128E+002 3.4803527923E-001 -6.0793249933E-011 -2.7533616527E-011 -3.4803527923E-001 1.3633480128E+002
7.00 1.3449670638E+002 -2.7052341864E-001 3.1238577786E-011 -6.5004629668E-011 -2.7052341864E-001 1.3449670638E+002 -5.7271787077E-011 3.1878247966E-011 3.0896976720E-011 5.7098101375E-011 1.3449561784E+002 4.6864108886E-001 -6.5048694598E-011 -3.1946710734E-011 -4.6864108886E-001 1.3449561784E+002
8.00 1.3240338447E+002 -3.4618551481E-001 3.5322059139E-011 -6.9138116708E-011 -3.4618551481E-001 1.3240338447E+002 -6.1040279301E-011 3.6184361439E-011 3.4846970684E-011 6.0783110145E-011 1.3240155178E+002 6.0453414905E-001 -6.9203572065E-011 -3.6281619861E-011 -6.0453414905E-001 1.3240155178E+002
9.00 1.3006706273E+002 -4.2805334031E-001 3.9257990438E-011 -7.3152822313E-011 -4.2805334031E-001 1.3006706273E+002 -6.4621500457E-011 4.0398873706E-011 3.8621357636E-011 6.4258648089E-011 1.3006417063E+002 7.5438363244E-001 -7.3245499736E-011 -4.0531725050E-011 -7.5438363244E-001 1.3006417063E+002
10.00 1.2750061942E+002 -5.1480139466E-001 4.3030456855E-011 -7.7042416165E-011 -5.1480139466E-001 1.2750061942E+002 -6.8001429038E-011 4.4508354693E-011 4.2202485084E-011 6.7508704699E-011 1.2749628444E+002 9.1672620715E-001 -7.7168766032E-011 -4.4684190394E-011 -9.1672620715E-001 1.2749628444E+002
11.00 1.2471807093E+002 -6.0502115155E-001 4.6624316824E-011 -8.0795396917E-011 -6.0502115155E-001 1.2471807093E+002 -7.1164752400E-011 4.8504810990E-011 4.5573789056E-011 7.0516202723E-011 1.2471184028E+002 1.0899816833E+000 -8.0962434518E-011 -4.8731579048E-011 -1.0899816833E+000 1.2471184028E+002
12.00 1.2173445583E+002 -6.9724249746E-001 5.0024769075E-011 -8.4402926015E-011 -6.9724249746E-001 1.2173445583E+002 -7.4099683469E-011 5.2377709019E-011 4.8719319066E-011 7.3267881074E-011 1.2172580832E+002 1.2724698208E+000 -8.4618194860E-011 -5.2663883317E-011 -1.2724698208E+000 1.2172580832E+002
13.00 1.1856571174E+002 -7.8995601697E-001 5.3220965878E-011 -8.7855820079E-011 -7.8995601697E-001 1.1856571174E+002 -7.6791677783E-011 5.6120329873E-011 5.1627415306E-011 7.5747952352E-011 1.1855406055E+002 1.4624280958E+000 -8.8127362148E-011 -5.6474831171E-011 -1.4624280958E+000 1.1855406055E+002
14.00 1.1522854608E+002 -8.8163576728E-001 5.6196694175E-011 -9.1147160684E-011 -8.8163576728E-001 1.1522854608E+002 -7.9232406315E-011 5.9721761007E-011 5.4281320169E-011 7.7947227427E-011 1.1521324353E+002 1.6580302090E+000 -9.1483424210E-011 -6.0153952257E-011 -1.6580302090E+000 1.1521324353E+002
15.00 1.1174030230E+002 -9.7076217961E-001 5.8942450261E-011 -9.4267554833E-011 -9.7076217961E-001 1.1174030230E+002 -8.1411342377E-011 6.3174870858E-011 5.6671368265E-011 7.9854554346E-011 1.1172064637E+002 1.8574051186E+000 -9.4677388039E-011 -6.3694494077E-011 -1.8574051186E+000 1.1172064637E+002
16.00 1.0811882275E+002 -1.0558447256E+000 6.1448293193E-011 -9.7212184498E-011 -1.0558447256E+000 1.0811882275E+002 -8.3319191526E-011 6.6469601148E-011 5.8787726802E-011 8.1460388938E-011 1.0809406533E+002 2.0586563682E+000 -9.7704800568E-011 -6.7086689534E-011 -2.0586563682E+000 1.0809406533E+002
17.00 1.0438230974E+002 -1.1354439939E+000 6.3704037158E-011 -9.9972240736E-011 -1.1354439939E+000 1.0438230974E+002 -8.4949045700E-011 6.9601116711E-011 6.0620714014E-011 8.2757823642E-011 1.0435166644E+002 2.2598814848E+000 -1.0055709904E-010 -7.0326000207E-011 -2.2598814848E+000 1.0435166644E+002
18.00 1.0054918608E+002 -1.2081928358E+000 6.5704145659E-011 -1.0253883576E-010 -1.2081928358E+000 1.0054918608E+002 -8.6292845734E-011 7.2563605435E-011 6.2165689570E-011 8.3739090778E-011 1.0051184741E+002 2.4591912218E+000 -1.0322567174E-010 -7.3406821243E-011 -2.4591912218E+000 1.0051184741E+002
19.00 9.6637956590E+001 -1.2728162564E+000 6.7438324563E-011 -1.0491105133E-010 -1.2728162564E+000 9.6637956590E+001 -8.7349235574E-011 7.5346298980E-011 6.3413345804E-011 8.4403646917E-011 9.6593100218E+001 2.6547284247E+000 -1.0570975379E-010 -7.6318584065E-011 -2.6547284247E+000 9.6593100218E+001
20.00 9.2667071814E+001 -1.3281497523E+000 6.8902401091E-011 -1.0708088353E-010 -1.3281497523E+000 9.2667071814E+001 -8.8112771105E-011 7.7946150112E-011 6.4361052207E-011 8.4746950752E-011 9.2613875724E+001 2.8446863080E+000 -1.0800147051E-010 -7.9058353560E-011 -2.8446863080E+000 9.2613875724E+001
21.00 8.8654795282E+001 -1.3731558258E+000 7.0093813002E-011 -1.0904318892E-010 -1.3731558258E+000 8.8654795282E+001 -8.8579672502E-011 8.0358145139E-011 6.5008055895E-011 8.4766467854E-011 8.8592451525E+001 3.0273259394E+000 -1.1009581224E-010 -8.1621145130E-011 -3.0273259394E+000 8.8592451525E+001
22.00 8.4619075551E+001 -1.4069384391E+000 7.1008877197E-011 -1.1079351097E-010 -1.4069384391E+000 8.4619075551E+001 -8.8749768749E-011 8.2577147942E-011 6.5352750240E-011 8.4463616929E-011 8.4546804297E+001 3.2009927410E+000 -1.1198835094E-010 -8.4001870382E-011 -3.2009927410E+000 8.4546804297E+001
23.00 8.0577424150E+001 -1.4287552058E+000 7.1644588832E-011 -1.1233052733E-010 -1.4287552058E+000 8.0577424150E+001 -8.8623728406E-011 8.4596754222E-011 6.5394389554E-011 8.3841032193E-011 8.0494487750E+001 3.3641318335E+000 -1.1367774485E-010 -8.6194076144E-011 -3.3641318335E+000 8.0494487750E+001
24.00 7.6546800493E+001 -1.4380271601E+000 7.1999376740E-011 -1.1364927555E-010 -1.4380271601E+000 7.6546800493E+001 -8.8205006175E-011 8.6415021814E-011 6.5134054727E-011 8.2904252976E-011 7.6452517258E+001 3.5153020631E+000 -1.1515889164E-010 -8.8195868793E-011 -3.5153020631E+000 7.6452517258E+001
25.00 7.2543504715E+001 -1.4343459844E+000 7.2077399208E-011 -1.1474585174E-010 -1.4343459844E+000 7.2543504715E+001 -8.7492249143E-011 8.8030017526E-011 6.4578915786E-011 8.1654177638E-011 7.2437262104E+001 3.6531885745E+000 -1.1642791910E-010 -9.0005042422E-011 -3.6531885745E+000 7.2437262104E+001
26.00 6.8583079269E+001 -1.4174786160E+000 7.1877210061E-011 -1.1562120600E-010 -1.4174786160E+000 6.8583079269E+001 -8.6493953884E-011 8.9436813287E-011 6.3730392611E-011 8.0102078984E-011 6.8464346229E+001 3.7766138091E+000 -1.1748551020E-010 -9.1616679794E-011 -3.7766138091E+000 6.8464346229E+001
27.00 6.4680220014E+001 -1.3873692034E+000 7.1404965046E-011 -1.1627375917E-010 -1.3873692034E+000 6.4680220014E+001 -8.5211897380E-011 9.0633245053E-011 6.2597986770E-011 7.8252509205E-011 6.4548558184E+001 3.8845468323E+000 -1.1833006930E-010 -9.3028245768E-011 -3.8845468323E+000 6.4548558184E+001
28.00 6.0848697391E+001 -1.3441384185E+000 7.0664679200E-011 -1.1670103565E-010 -1.3441384185E+000 6.0848697391E+001 -8.3652915526E-011 9.1619959356E-011 6.1189262267E-011 7.6115178527E-011 6.0703770954E+001 3.9761109159E+000 -1.1895885999E-010 -9.4240195272E-011 -3.9761109159E+000 6.0703770954E+001
29.00 5.7101288166E+001 -1.2880801811E+000 6.9660774766E-011 -1.1690425457E-010 -1.2880801811E+000 5.7101288166E+001 -8.1825997844E-011 9.2394428770E-011 5.9512123783E-011 7.3702348810E-011 5.6942872125E+001 4.0505893223E+000 -1.1937282078E-010 -9.5249793231E-011 -4.0505893223E+000 5.6942872125E+001
30.00 5.3449718074E+001 -1.2196558854E+000 6.8398002247E-011 -1.1688464516E-010 -1.2196558854E+000 5.3449718074E+001 -7.9741665831E-011 9.2956320142E-011 5.7574926603E-011 7.1027873671E-011 5.3277704780E+001 4.1074292633E+000 -1.1957274761E-010 -9.6056540863E-011 -4.1074292633E+000 5.3277704780E+001
31.00 4.9904615590E+001 -1.1394862638E+000 6.6887492751E-011 -1.1664209709E-010 -1.1394862638E+000 4.9904615590E+001 -7.7406958588E-011 9.3306609869E-011 5.5392723937E-011 6.8102054538E-011 4.9719019386E+001 4.1462440286E+000 -1.1955845551E-010 -9.6660920236E-011 -4.1462440286E+000 4.9719019386E+001
32.00 4.6475476902E+001 -1.0483410519E+000 6.5139731817E-011 -1.1617781842E-010 -1.0483410519E+000 4.6475476902E+001 -7.4830340520E-011 9.3447331261E-011 5.2979932327E-011 6.4936674196E-011 4.6276436782E+001 4.1668133000E+000 -1.1933097519E-010 -9.7064394306E-011 -4.1668133000E+000 4.6276436782E+001
33.00 4.3170642058E+001 -9.4712665689E-001 6.3159108621E-011 -1.1549603190E-010 -9.4712665689E-001 4.3170642058E+001 -7.2029632746E-011 9.3377694572E-011 5.0344501427E-011 6.1553347301E-011 4.2958422278E+001 4.1690816923E+000 -1.1889374462E-010 -9.7266295402E-011 -4.1690816923E+000 4.2958422278E+001
34.00 3.9997282112E+001 -8.3687205378E-001 6.0957680405E-011 -1.1459891734E-010 -8.3687205378E-001 3.9997282112E+001 -6.9016017177E-011 9.3100951709E-011 4.7502417300E-011 5.7966627127E-011 3.9772270745E+001 4.1531555802E+000 -1.1824863110E-010 -9.7269397686E-011 -4.1531555802E+000 3.9772270745E+001
35.00 3.6961397009E+001 -7.1871316168E-001 5.8550350530E-011 -1.1349007727E-010 -7.1871316168E-001 3.6961397009E+001 -6.5799679402E-011 9.2619468777E-011 4.4472410194E-011 5.4190160670E-011 3.6724102464E+001 4.1192982912E+000 -1.1739919577E-010 -9.7075308611E-011 -4.1192982912E+000 3.6724102464E+001
36.00 3.4067823815E+001 -5.9387596876E-001 5.5947081487E-011 -1.1217227481E-010 -5.9387596876E-001 3.4067823815E+001 -6.2397607210E-011 9.1938107038E-011 4.1268264004E-011 5.0244215697E-011 3.3818869394E+001 4.0679237632E+000 -1.1634752093E-010 -9.6688757244E-011 -4.0679237632E+000 3.3818869394E+001
37.00 3.1320254815E+001 -4.6365868896E-001 5.3161029857E-011 -1.1065182688E-010 -4.6365868896E-001 3.1320254815E+001 -5.8824665958E-011 9.1058385498E-011 3.7906554462E-011 4.6147267343E-011 3.1060371407E+001 3.9995887801E+000 -1.1509952619E-010 -9.6110803361E-011 -3.9995887801E+000 3.1060371407E+001
38.00 2.8721264912E+001 -3.2941324270E-001 5.0207452448E-011 -1.0893469309E-010 -3.2941324270E-001 2.8721264912E+001 -5.5095035516E-011 8.9984483793E-011 3.4405896730E-011 4.1916775946E-011 2.8451281975E+001 3.9149839149E+000 -1.1366091106E-010 -9.5344989112E-011 -3.9149839149E+000 2.8451281975E+001
39.00 2.6272347661E+001 -1.9252635693E-001 4.7098395495E-011 -1.0702362902E-010 -1.9252635693E-001 2.6272347661E+001 -5.1227382756E-011 8.8723866139E-011 3.0782031817E-011 3.7574168550E-011 2.5993182670E+001 3.8149233202E+000 -1.1203366032E-010 -9.4398673324E-011 -3.8149233202E+000 2.5993182670E+001
40.00 2.3973959245E+001 -5.4400579042E-002 4.3850140167E-011 -1.0492715746E-010 -5.4400579042E-002 2.3973959245E+001 -4.7236660239E-011 8.7279941297E-011 2.7054054581E-011 3.3137601250E-011 2.3686605800E+001 3.7003335188E+000 -1.1022602243E-010 -9.3274564231E-011 -3.7003335188E+000 2.3686605800E+001
41.00 2.1825569588E+001 8.3564507137E-002 4.0479965094E-011 -1.0265263918E-010 8.3564507137E-002 2.1825569588E+001 -4.3138441093E-011 8.5657286537E-011 2.3241988246E-011 2.8625650245E-011 2.1531084426E+001 3.5722413516E+000 -1.0824518515E-010 -9.1976552486E-011 -3.5722413516E+000 2.1531084426E+001
42.00 1.9825719805E+001 2.1999058594E-001 3.7000473555E-011 -1.0020638944E-010 2.1999058594E-001 1.9825719805E+001 -3.8952955002E-011 8.3863506056E-011 1.9361251205E-011 2.4060884208E-011 1.9525208953E+001 3.4317612479E+000 -1.0609649188E-010 -9.0512221893E-011 -3.4317612479E+000 1.9525208953E+001
43.00 1.7972085121E+001 3.5353817252E-001 3.3429541146E-011 -9.7595562806E-011 3.5353817252E-001 1.7972085121E+001 -3.4695722991E-011 8.1905751817E-011 1.5432161632E-011 1.9461116426E-011 1.7666689462E+001 3.2800819848E+000 -1.0378692235E-010 -8.8887901793E-011 -3.2800819848E+000 1.7666689462E+001
44.00 1.6261542387E+001 4.8292319026E-001 2.9783373508E-011 -9.4827903073E-011 4.8292319026E-001 1.6261542387E+001 -3.0384840586E-011 7.9791288314E-011 1.1473101225E-011 1.4846504511E-011 1.5952422895E+001 3.1184531060E+000 -1.0132375299E-010 -8.7110412491E-011 -3.1184531060E+000 1.5952422895E+001
45.00 1.4690241301E+001 6.0693234195E-001 2.6077982297E-011 -9.1912664201E-011 6.0693234195E-001 1.4690241301E+001 -2.6038173899E-011 7.7526996209E-011 7.5017659108E-012 1.0236847888E-011 1.4378564233E+001 2.9481711637E+000 -9.8715652275E-011 -8.5186184802E-011 -2.9481711637E+000 1.4378564233E+001
46.00 1.3253678446E+001 7.2443707924E-001 2.2331029745E-011 -8.8859059392E-011 7.2443707924E-001 1.3253678446E+001 -2.1672313709E-011 7.5120366362E-011 3.5371654389E-012 5.6504527283E-012 1.2940600743E+001 2.7705659494E+000 -9.5971535926E-011 -8.3122024336E-011 -2.7705659494E+000 1.2940600743E+001
47.00 1.1946773270E+001 8.3440600280E-001 1.8557827285E-011 -8.5675011127E-011 8.3440600280E-001 1.1946773270E+001 -1.7305966367E-011 7.2580790350E-011 -4.0389822797E-013 1.1070063940E-012 1.1633428434E+001 2.5869868707E+000 -9.3098685978E-011 -8.0926943078E-011 -2.5869868707E+000 1.1633428434E+001
48.00 1.0763945142E+001 9.3591555542E-001 1.4774233842E-011 -8.2371278006E-011 9.3591555542E-001 1.0763945142E+001 -1.2956871155E-011 6.9915539628E-011 -4.3049111630E-012 -3.3745874896E-012 1.0451429828E+001 2.3987896232E+000 -9.0107133489E-011 -7.8607872956E-011 -2.3987896232E+000 1.0451429828E+001
49.00 9.6991906702E+000 1.0281589015E+000 1.0997399543E-011 -7.8956525365E-011 1.0281589015E+000 9.6991906702E+000 -8.6413059537E-012 6.7134480486E-011 -8.1480451213E-012 -7.7775186093E-012 9.3885522196E+000 2.2073232999E+000 -8.7005314444E-011 -7.6173883512E-011 -2.2073232999E+000 9.3885522196E+000
50.00 8.7461604752E+000 1.1104529183E+000 7.2442406133E-012 -7.5441218854E-011 1.1104529183E+000 8.7461604752E+000 -4.3749335028E-012 6.4246361759E-011 -1.1916449081E-011 -1.2085553291E-011 8.4383855917E+000 2.0139180671E+000 -8.3803330230E-011 -7.3632994209E-011 -2.0139180671E+000 8.4383855917E+000
51.00 7.8982346925E+000 1.1822432557E+000 3.5295484673E-012 -7.1834876856E-011 1.1822432557E+000 7.8982346925E+000 -1.7505951233E-013 6.1261092274E-011 -1.5595242676E-011 -1.6281532725E-011 7.5942394281E+000 1.8198735257E+000 -8.0510084809E-011 -7.0994660851E-011 -1.8198735257E+000 7.5942394281E+000
52.00 7.1485964971E+000 1.2431074557E+000 -1.3299940236E-013 -6.8148763980E-011 1.2431074557E+000 7.1485964971E+000 3.9410256099E-012 5.8187187977E-011 -1.9171135811E-011 -2.0348491036E-011 6.8492176985E+000 1.6264478627E+000 -7.7135829676E-011 -6.8267242417E-011 -1.6264478627E+000 6.8492176985E+000
53.00 6.4903030244E+000 1.2927561481E+000 -3.7252671096E-012 -6.4392434880E-011 1.2927561481E+000 6.4903030244E+000 7.9613647535E-012 5.5035385856E-011 -2.2627199949E-011 -2.4274643828E-011 6.1962913459E+000 1.4348478829E+000 -7.3690395246E-011 -6.5460063675E-011 -1.4348478829E+000 6.1962913459E+000
54.00 5.9163531109E+000 1.3310323762E+000 -7.2356721851E-012 -6.0577865784E-011 1.3310323762E+000 5.9163531109E+000 1.1868690505E-011 5.1814115547E-011 -2.5952742711E-011 -2.8043809863E-011 5.6283676731E+000 1.2462199980E+000 -7.0184377780E-011 -6.2581723180E-011 -1.2462199980E+000 5.6283676731E+000
55.00 5.4197513487E+000 1.3579091255E+000 -1.0649642143E-011 -5.6714330302E-011 1.3579091255E+000 5.4197513487E+000 1.5649746639E-011 4.8534631841E-011 -2.9134471803E-011 -3.1643951893E-011 5.1383560851E+000 1.0616422336E+000 -6.6626912624E-011 -5.9642419134E-011 -1.0616422336E+000 5.1383560851E+000
56.00 4.9935680143E+000 1.3734851617E+000 -1.3954031556E-011 -5.2812849973E-011 1.3734851617E+000 4.9935680143E+000 1.9291474188E-011 4.5206642053E-011 -3.2161049700E-011 -3.5063342137E-011 4.7192297140E+000 8.8211729946E-001 -6.3028377543E-011 -5.6651221301E-011 -8.8211729946E-001 4.7192297140E+000
57.00 4.6309945005E+000 1.3779792994E+000 -1.7136290118E-011 -4.8884374591E-011 1.3779792994E+000 4.6309945005E+000 2.2781520262E-011 4.1839946459E-011 -3.5021962887E-011 -3.8291207069E-011 4.3640825232E+000 7.0856675386E-001 -5.9399071870E-011 -5.3617304592E-011 -7.0856675386E-001 4.3640825232E+000
58.00 4.3253939532E+000 1.3717232508E+000 -2.0184523009E-011 -4.4939178504E-011 1.3717232508E+000 4.3253939532E+000 2.6108676630E-011 3.8444971456E-011 -3.7707620079E-011 -4.1318209687E-011 4.0661815576E+000 5.4182627655E-001 -5.5748748448E-011 -5.0550244369E-011 -5.4182627655E-001 4.0661815576E+000
59.00 4.0703468790E+000 1.3551532125E+000 -2.3088629658E-011 -4.0988224916E-011 1.3551532125E+000 4.0703468790E+000 2.9261428677E-011 3.5031287358E-011 -4.0210200834E-011 -4.4135116732E-011 3.8190140804E+000 3.8264205194E-001 -5.2087511860E-011 -4.7459071999E-011 -3.8264205194E-001 3.8190140804E+000
60.00 3.8596915640E+000 1.3288003689E+000 -2.5838109199E-011 -3.7041751911E-011 1.3288003689E+000 3.8596915640E+000 3.2230348561E-011 3.1609047116E-011 -4.2521948678E-011 -4.6734706113E-011 3.6163294058E+000 2.3166824843E-001 -4.8425031520E-011 -4.4353072023E-011 -2.3166824843E-001 3.6163294058E+000
61.00 3.6875592046E+000 1.2932804961E+000 -2.8423819499E-011 -3.3110487126E-011 1.2932804961E+000 3.6875592046E+000 3.5006696711E-011 2.8187733639E-011 -4.4636631634E-011 -4.9110742541E-011 3.4521753081E+000 8.9465567786E-002 -4.4771215923E-011 -4.1241058371E-011 -8.9465567786E-002 3.4521753081E+000
62.00 3.5484037189E+000 1.2492828592E+000 -3.0837689672E-011 -2.9203651044E-011 1.2492828592E+000 3.5484037189E+000 3.7582368153E-011 2.4777937787E-011 -4.6549098806E-011 -5.1257850108E-011 3.3209289532E+000 -4.3499174130E-002 -4.1134828903E-011 -3.8132529542E-011 4.3499174130E-002 3.3209289532E+000
63.00 3.4370262645E+000 1.1975585979E+000 -3.3072552566E-011 -2.5332096407E-011 1.1975585979E+000 3.4370262645E+000 3.9950153997E-011 2.1388352113E-011 -4.8255226647E-011 -5.3171629110E-011 3.2173223643E+000 -1.6685248497E-001 -3.7525736144E-011 -3.5035599019E-011 1.6685248497E-001 3.2173223643E+000
64.00 3.3485945461E+000 1.1389087975E+000 -3.5121178148E-011 -2.1505220533E-011 1.1389087975E+000 3.3485945461E+000 4.2105274343E-011 1.8028547074E-011 -4.9751369949E-011 -5.4849953676E-011 3.1364624928E+000 -2.8031271149E-001 -3.3952606388E-011 -3.1958908718E-011 2.8031271149E-001 3.1364624928E+000
65.00 3.2786570479E+000 1.0741724349E+000 -3.6979072818E-011 -1.7732094774E-011 1.0741724349E+000 3.2786570479E+000 4.4041755913E-011 1.4708134493E-011 -5.1036016699E-011 -5.6290037513E-011 3.0738460218E+000 -3.8368770130E-001 -3.0423912393E-011 -2.8911028953E-011 3.8368770130E-001 3.0738460218E+000
66.00 3.2231523742E+000 1.0042143886E+000 -3.8641035582E-011 -1.4023245793E-011 1.0042143886E+000 3.2231523742E+000 4.5756558597E-011 1.1434385553E-011 -5.2107427791E-011 -5.7491781398E-011 3.0253690823E+000 -4.7687168613E-001 -2.6948840687E-011 -2.5898762348E-011 4.7687168613E-001 3.0253690823E+000
67.00 3.1784139205E+000 9.2991368643E-001 -4.0104307142E-011 -1.0385638400E-011 9.2991368643E-001 3.1784139205E+000 4.7246256444E-011 8.2178573920E-012 -5.2966195230E-011 -5.8454800403E-011 2.9873321068E+000 -5.5984146799E-001 -2.3534185588E-011 -2.2931136693E-011 5.5984146799E-001 2.9873321068E+000
68.00 3.1411701388E+000 8.5215215915E-001 -4.1365845987E-011 -6.8286066106E-012 8.5215215915E-001 3.1411701388E+000 4.8509575720E-011 5.0658912375E-012 -5.3612675071E-011 -5.9180769178E-011 2.9564400878E+000 -6.3265199378E-001 -2.0188094239E-011 -2.0014838118E-011 6.3265199378E-001 2.9564400878E+000
69.00 3.1085406900E+000 7.7180364894E-001 -4.2423937539E-011 -3.3603926555E-012 7.7180364894E-001 3.1085406900E+000 4.9546161810E-011 1.9861110867E-012 -5.4048512481E-011 -5.9672343501E-011 2.9297985438E+000 -6.9543140715E-001 -1.6917831529E-011 -1.7156637735E-011 6.9543140715E-001 2.9297985438E+000
70.00 3.0780288033E+000 6.8972390988E-001 -4.3278877806E-011 1.1484620185E-014 6.8972390988E-001 3.0780288033E+000 5.0355316834E-011 -1.0136890748E-012 -5.4276986617E-011 -5.9931925747E-011 2.9049055237E+000 -7.4837566784E-001 -1.3730243617E-011 -1.4363121013E-011 7.4837566784E-001 2.9049055237E+000
71.00 3.0475101828E+000 6.0674131822E-001 -4.3930073540E-011 3.2797651076E-012 6.0674131822E-001 3.0475101828E+000 5.0939423348E-011 -3.9263527844E-012 -5.4300875945E-011 -5.9964507826E-011 2.8796400087E+000 -7.9174282916E-001 -1.0631513324E-011 -1.1640656428E-011 7.9174282916E-001 2.8796400087E+000
72.00 3.0152188211E+000 5.2364849217E-001 -4.4380473328E-011 6.4374124261E-012 5.2364849217E-001 3.0152188211E+000 5.1299147319E-011 -6.7454426919E-012 -5.4125726350E-011 -5.9773904660E-011 2.8522470833E+000 -8.2584706315E-001 -7.6280642984E-012 -8.9943738380E-012 8.2584706315E-001 2.8522470833E+000
73.00 2.9797300844E+000 4.4119490184E-001 -4.4630105472E-011 9.4789127229E-012 4.4119490184E-001 2.9797300844E+000 5.1439981785E-011 -9.4638181090E-012 -5.3755050517E-011 -5.9367566376E-011 2.8213202657E+000 -8.5105252076E-001 -4.7241646752E-012 -6.4307642544E-012 8.5105252076E-001 2.8213202657E+000
74.00 2.9399414468E+000 3.6008052977E-001 -4.4683813129E-011 1.2397826578E-011 3.6008052977E-001 2.9399414468E+000 5.1364342325E-011 -1.2076192628E-011 -5.3195884500E-011 -5.8750814343E-011 2.7857813919E+000 -8.6776711121E-001 -1.9256187838E-012 -3.9538311542E-012 8.6776711121E-001 2.7857813919E+000
75.00 2.8950512462E+000 2.8095062257E-001 -4.4544950535E-011 1.5188634687E-011 2.8095062257E-001 2.8950512462E+000 5.1077967419E-011 -1.4577356687E-011 -5.2454122168E-011 -5.7931593876E-011 2.7448584504E+000 -8.7643628012E-001 7.6313498295E-013 -1.5679860004E-012 8.7643628012E-001 2.7448584504E+000
76.00 2.8445358369E+000 2.0439155460E-001 -4.4218911052E-011 1.7846599223E-011 2.0439155460E-001 2.8445358369E+000 5.0586175340E-011 -1.6962328949E-011 -5.1537347215E-011 -5.6917367939E-011 2.6980617631E+000 -8.7753686096E-001 3.3380725620E-012 7.2294799366E-013 8.7753686096E-001 2.6980617631E+000
77.00 2.7881255036E+000 1.3092780516E-001 -4.3710641492E-011 2.0367825044E-011 1.3092780516E-001 2.7881255036E+000 4.9896359368E-011 -1.9226201303E-011 -5.0452723909E-011 -5.5717170578E-011 2.6451589000E+000 -8.7157106831E-001 5.7963105048E-012 2.9148732551E-012 8.7157106831E-001 2.6451589000E+000
78.00 2.7257794913E+000 6.1020032249E-002 -4.3026878567E-011 2.2747715828E-011 6.1020032249E-002 2.7257794913E+000 4.9015508306E-011 -2.1365820303E-011 -4.9208455296E-011 -5.4339916953E-011 2.5861487030E+000 -8.5906069478E-001 8.1340838998E-012 5.0056264450E-012 8.5906069478E-001 2.5861487030E+000
79.00 2.6576604954E+000 -4.9357910315E-003 -4.2174817015E-011 2.4984052926E-011 -4.9357910315E-003 2.6576604954E+000 4.7951718657E-011 -2.3376755110E-011 -4.7813543755E-011 -5.2794808756E-011 2.5212347813E+000 -8.4054156626E-001 1.0349879724E-011 6.9917848945E-012 8.4054156626E-001 2.5212347813E+000
80.00 2.5841089327E+000 -6.6608227743E-002 -4.1162237857E-011 2.7072688855E-011 -6.6608227743E-002 2.5841089327E+000 4.6713885428E-011 -2.5257567609E-011 -4.6276540455E-011 -5.1092355986E-011 2.4507988204E+000 -8.1655830278E-001 1.2440401759E-011 8.8726804421E-012 8.1655830278E-001 2.4507988204E+000
81.00 2.5056173024E+000 -1.2372928026E-001 -3.9996954177E-011 2.9013157679E-011 -1.2372928026E-001 2.5056173024E+000 4.5311772400E-011 -2.7003981369E-011 -4.4606755331E-011 -4.9242630066E-011 2.3753740259E+000 -7.8765942422E-001 1.4406049365E-011 1.0644826421E-011 7.8765942422E-001 2.3753740259E+000
82.00 2.4228049190E+000 -1.7609242240E-001 -3.8688571279E-011 3.0803114209E-011 -1.7609242240E-001 2.4228049190E+000 4.3754764981E-011 -2.8614986075E-011 -4.2814199317E-011 -4.7255952478E-011 2.2956189990E+000 -7.5439283264E-001 1.6244999423E-011 1.2308132223E-011 7.5439283264E-001 2.2956189990E+000
83.00 2.3363932785E+000 -2.2354984828E-001 -3.7245975516E-011 3.2441007656E-011 -2.2354984828E-001 2.3363932785E+000 4.2053734226E-011 -3.0089481169E-011 -4.0907971558E-011 -4.5143691817E-011 2.2122923170E+000 -7.1730169458E-001 1.7956531177E-011 1.3862106893E-011 7.1730169458E-001 2.2122923170E+000
84.00 2.2471822946E+000 -2.6600903421E-001 -3.5679343441E-011 3.3926716811E-011 -2.6600903421E-001 2.2471822946E+000 4.0219289461E-011 -3.1426182690E-011 -3.8898472120E-011 -4.2916443380E-011 2.1262280619E+000 -6.7692073963E-001 1.9541029983E-011 1.5306221446E-011 6.7692073963E-001 2.1262280619E+000
85.00 2.1560276151E+000 -3.0342871685E-001 -3.3998887630E-011 3.5259961378E-011 -3.0342871685E-001 2.1560276151E+000 3.8262789228E-011 -3.2624942587E-011 -3.6795613730E-011 -4.0585511405E-011 2.0383125120E+000 -6.3377298338E-001 2.0998762375E-011 1.6640918151E-011 6.3377298338E-001 2.0383125120E+000
86.00 2.0638192033E+000 -3.3581439511E-001 -3.2215403775E-011 3.6441044607E-011 -3.3581439511E-001 2.0638192033E+000 3.6195574354E-011 -3.3686044395E-011 -3.4609671593E-011 -3.8161884608E-011 1.9494621860E+000 -5.8836687621E-001 2.2330407317E-011 1.7867127337E-011 5.8836687621E-001 1.9494621860E+000
87.00 1.9714613419E+000 -3.6321346608E-001 -3.0339290457E-011 3.7471925470E-011 -3.6321346608E-001 1.9714613419E+000 3.4029882072E-011 -3.4609039947E-011 -3.2350574075E-011 -3.5656874842E-011 1.8606033949E+000 -5.4119387254E-001 2.3538627723E-011 1.8984590872E-011 5.4119387254E-001 1.8606033949E+000
88.00 1.8798541918E+000 -3.8571010546E-001 -2.8381872183E-011 3.8352603545E-011 -3.8571010546E-001 1.8798541918E+000 3.1777570929E-011 -3.5396421997E-011 -3.0028141135E-011 -3.3081935178E-011 1.7726534301E+000 -4.9272640880E-001 2.4623474615E-011 1.9996453786E-011 4.9272640880E-001 1.7726534301E+000
89.00 1.7898770093E+000 -4.0342000166E-001 -2.6354245637E-011 3.9086181178E-011 -4.0342000166E-001 1.7898770093E+000 2.9450833308E-011 -3.6048524632E-011 -2.7652582371E-011 -3.0447807572E-011 1.6865034892E+000 -4.4341627319E-001 2.5588536555E-011 2.0903143720E-011 4.4341627319E-001 1.6865034892E+000
90.00 1.7023731017E+000 -4.1648504934E-001 -2.4268132151E-011 3.9674378824E-011 -4.1648504934E-001 1.7023731017E+000 2.7061608145E-011 -3.6568040920E-011 -2.5233957435E-011 -2.7765287419E-011 1.6030034096E+000 -3.9369334488E-001 2.6435447142E-011 2.1707785858E-011 3.9369334488E-001 1.6030034096E+000
91.00 1.6181365763E+000 -4.2506810302E-001 -2.2134650423E-011 4.0120467709E-011 -4.2506810302E-001 1.6181365763E+000 2.4622354345E-011 -3.6956709399E-011 -2.2781780430E-011 -2.5045207304E-011 1.5229482554E+000 -3.4396467659E-001 2.7167797734E-011 2.2412058562E-011 3.4396467659E-001 1.5229482554E+000
92.00 1.5379009118E+000 -4.2934788513E-001 -1.9964993618E-011 4.0427411905E-011 -4.2934788513E-001 1.5379009118E+000 2.2145428739E-011 -3.7217727225E-011 -2.0305190043E-011 -2.2298434826E-011 1.4470667792E+000 -2.9461389046E-001 2.7788496494E-011 2.3019203173E-011 2.9461389046E-001 1.4470667792E+000
93.00 1.4623293596E+000 -4.2951413437E-001 -1.7770796001E-011 4.0598854665E-011 -4.2951413437E-001 1.4623293596E+000 1.9642620566E-011 -3.7354157364E-011 -1.7813837140E-011 -1.9534817087E-011 1.3760117527E+000 -2.4600085488E-001 2.8301022381E-011 2.3532297112E-011 2.4600085488E-001 1.3760117527E+000
94.00 1.3920071625E+000 -4.2576307170E-001 -1.5563153996E-011 4.0639040627E-011 -4.2576307170E-001 1.3920071625E+000 1.7125900670E-011 -3.7369278372E-011 -1.5316636928E-011 -1.6764331347E-011 1.3103521426E+000 -1.9846160758E-001 2.8709544003E-011 2.3954342664E-011 1.9846160758E-001 1.3103521426E+000
95.00 1.3274355558E+000 -4.1829325089E-001 -1.3352832340E-011 4.0551823105E-011 -4.1829325089E-001 1.3274355558E+000 1.4607279775E-011 -3.7267447412E-011 -1.2821791892E-011 -1.3997111055E-011 1.2505670855E+000 -1.5230848916E-001 2.9017509562E-011 2.4289542216E-011 1.5230848916E-001 1.2505670855E+000
96.00 1.2690274981E+000 -4.0730184962E-001 -1.1150880585E-011 4.0342588373E-011 -4.0730184962E-001 1.2690274981E+000 1.2097824530E-011 -3.7052046495E-011 -1.0338161357E-011 -1.1241825627E-011 1.1970415983E+000 -1.0783045092E-001 2.9230160730E-011 2.4540704279E-011 1.0783045092E-001 1.1970415983E+000
97.00 1.2171050650E+000 -3.9298144617E-001 -8.9675676286E-012 4.0015418829E-011 -3.9298144617E-001 1.2171050650E+000 9.6090013445E-012 -3.6728460177E-011 -7.8732396492E-012 -8.5079414606E-012 1.1500639465E+000 -6.5293500688E-002 2.9350797635E-011 2.4713029703E-011 6.5293500688E-002 1.1500639465E+000
98.00 1.1718984208E+000 -3.7551731471E-001 -6.8130873008E-012 3.9576119205E-011 -3.7551731471E-001 1.1718984208E+000 7.1515406111E-012 -3.6300821492E-011 -5.4347458057E-012 -5.8038326344E-012 1.1098245758E+000 -2.4941251685E-002 2.9384873915E-011 2.4809869163E-011 2.4941251685E-002 1.1098245758E+000
99.00 1.1335462719E+000 -3.5508526068E-001 -4.6974897931E-012 3.9030279088E-011 -3.5508526068E-001 1.1335462719E+000 4.7355690055E-012 -3.5773986604E-011 -3.0302162461E-012 -3.1372677427E-012 1.0764165050E+000 1.3004459466E-002 2.9337359814E-011 2.4835359425E-011 -1.3004459466E-002 1.0764165050E+000
100.00 1.1020976953E+000 -3.3185000604E-001 -2.6296320294E-012 3.8383102159E-011 -3.3185000604E-001 1.1020976953E+000 2.3714864724E-012 -3.5153589663E-011 -6.6573649907E-013 -5.1658094668E-013 1.0498370663E+000 4.8342917046E-002 2.9212526509E-011 2.4794543201E-011 -4.8342917046E-002 1.0498370663E+000
101.00 1.0775152242E+000 -3.0596412305E-001 -6.1891206324E-013 3.7640941898E-011 -3.0596412305E-001 1.0775152242E+000 6.8397906175E-014 -3.4444448304E-011 1.6517269880E-012 2.0515032891E-012 1.0299908722E+000 8.0893861919E-002 2.9016090103E-011 2.4691175737E-011 -8.0893861919E-002 1.0299908722E+000
102.00 1.0596790681E+000 -2.7756750438E-001 1.3262012644E-012 3.6809569467E-011 -2.7756750438E-001 1.0596790681E+000 -2.1648825560E-012 -3.3652399467E-011 3.9161641355E-012 4.5603494937E-012 1.0166938848E+000 1.1049684452E-001 2.8752798058E-011 2.4530194504E-011 -1.1049684452E-001 1.0166938848E+000
103.00 1.0483923364E+000 -2.4678734727E-001 3.1981586305E-012 3.5895160777E-011 -2.4678734727E-001 1.0483923364E+000 -4.3195052564E-012 -3.2783026620E-011 6.1225763972E-012 7.0030650636E-012 1.0096784572E+000 1.3701061774E-001 2.8427780269E-011 2.4316165131E-011 -1.3701061774E-001 1.0096784572E+000
104.00 1.0433871323E+000 -2.1373862042E-001 4.9892219532E-012 3.4904056750E-011 -2.1373862042E-001 1.0433871323E+000 -6.3880666321E-012 -3.1842009090E-011 8.2654200884E-012 9.3743099985E-012 1.0085992187E+000 1.6031258847E-001 2.8046349006E-011 2.4053536095E-011 -1.6031258847E-001 1.0085992187E+000
105.00 1.0443313821E+000 -1.7852497375E-001 6.6928367948E-012 3.3842347548E-011 -1.7852497375E-001 1.0443313821E+000 -8.3630998917E-012 -3.0835344632E-011 1.0340321426E-011 1.1668430258E-011 1.0130396719E+000 1.8029834285E-001 2.7613334851E-011 2.3747160053E-011 -1.8029834285E-001 1.0130396719E+000
106.00 1.0508362628E+000 -1.4124004441E-001 8.3025375493E-012 3.2716730589E-011 -1.4124004441E-001 1.0508362628E+000 -1.0238290667E-011 -2.9768668441E-011 1.2342829247E-011 1.3880793963E-011 1.0225193750E+000 1.9688125595E-001 2.7134280099E-011 2.3401234489E-011 -1.9688125595E-001 1.0225193750E+000
107.00 1.0624640935E+000 -1.0196910594E-001 9.8130694364E-012 3.1533493796E-011 -1.0196910594E-001 1.0624640935E+000 -1.2007369267E-011 -2.8647910124E-011 1.4269536659E-011 1.6006604760E-011 1.0365015825E+000 2.0999219280E-001 2.6614056643E-011 2.3020390960E-011 -2.0999219280E-001 1.0365015825E+000
108.00 1.0787365569E+000 -6.0791003199E-002 1.1219495482E-011 3.0298836175E-011 -6.0791003199E-002 1.0787365569E+000 -1.3664971176E-011 -2.7479156531E-011 1.6117060771E-011 1.8041887957E-011 1.0544012247E+000 2.1957930319E-001 2.6057446731E-011 2.2609276536E-011 -2.1957930319E-001 1.0544012247E+000
109.00 1.0991431230E+000 -1.7780311620E-002 1.2516703440E-011 2.9019546990E-011 -1.7780311620E-002 1.0991431230E+000 -1.5207343134E-011 -2.6267914616E-011 1.7881746287E-011 1.9983948678E-011 1.0755931092E+000 2.2560790921E-001 2.5469966450E-011 2.2171659556E-011 -2.2560790921E-001 1.0755931092E+000
110.00 1.1231495508E+000 2.6990342283E-002 1.3701816630E-011 2.7701653303E-011 2.6990342283E-002 1.1231495508E+000 -1.6629811697E-011 -2.5020191587E-011 1.9561846771E-011 2.1829015829E-011 1.0994202346E+000 2.2806048005E-001 2.4855935858E-011 2.1712132872E-011 -2.2806048005E-001 1.0994202346E+000
111.00 1.1502063488E+000 7.3447863792E-002 1.4771359661E-011 2.6351181810E-011 7.3447863792E-002 1.1502063488E+000 -1.7929508339E-011 -2.3741955262E-011 2.1154762294E-011 2.3574911968E-011 1.1252021138E+000 2.2693668557E-001 2.4219916173E-011 2.1234916830E-011 -2.2693668557E-001 1.1252021138E+000
112.00 1.1797570847E+000 1.2151624024E-001 1.5723301978E-011 2.4974614047E-011 1.2151624024E-001 1.1797570847E+000 -1.9103625182E-011 -2.2438393927E-011 2.2659154826E-011 2.5219162692E-011 1.1522430112E+000 2.2225351635E-001 2.3566669554E-011 2.0743565017E-011 -2.2225351635E-001 1.1522430112E+000
113.00 1.2112464405E+000 1.7111412135E-001 1.6556149320E-011 2.3577501559E-011 1.7111412135E-001 1.2112464405E+000 -2.0150060555E-011 -2.1115637733E-011 2.4073773832E-011 2.6759968441E-011 1.1798400062E+000 2.1404545546E-001 2.2900110703E-011 2.0242435202E-011 -2.1404545546E-001 1.1798400062E+000
114.00 1.2441279175E+000 2.2215248994E-001 1.7268109361E-011 2.2166210320E-011 2.2215248994E-001 1.2441279175E+000 -2.1068410463E-011 -1.9778525515E-011 2.5397096665E-011 2.8196619501E-011 1.2072908021E+000 2.0236468426E-001 2.2224947196E-011 1.9734511794E-011 -2.0236468426E-001 1.2072908021E+000
115.00 1.2778711074E+000 2.7453247938E-001 1.7859355347E-011 2.0746236059E-011 2.7453247938E-001 1.2778711074E+000 -2.1857560279E-011 -1.8432454909E-011 2.6628964791E-011 2.9527735445E-011 1.2339012110E+000 1.8728130265E-001 2.1544849573E-011 1.9223438813E-011 -1.8728130265E-001 1.2339012110E+000
116.00 1.3119684515E+000 3.2814339015E-001 1.8329684773E-011 1.9322662988E-011 3.2814339015E-001 1.3119684515E+000 -2.2518039175E-011 -1.7082948992E-011 2.7768700011E-011 3.0753164100E-011 1.2589922487E+000 1.6888354259E-001 2.0863277459E-011 1.8712737112E-011 -1.6888354259E-001 1.2589922487E+000
117.00 1.3459414230E+000 3.8286095232E-001 1.8680576727E-011 1.7901293391E-011 3.8286095232E-001 1.3459414230E+000 -2.3050059302E-011 -1.5734420887E-011 2.8816914004E-011 3.1872287422E-011 1.2819067868E+000 1.4727795254E-001 2.0184066298E-011 1.8205091104E-011 -1.4727795254E-001 1.2819067868E+000
118.00 1.3793460766E+000 4.3854587472E-001 1.8912829516E-011 1.6486879766E-011 4.3854587472E-001 1.3793460766E+000 -2.3455663818E-011 -1.4391856230E-011 2.9773433134E-011 3.2885836870E-011 1.3020157149E+000 1.2258952985E-001 1.9510279822E-011 1.7703430142E-011 -1.2258952985E-001 1.3020157149E+000
119.00 1.4117779176E+000 4.9504271544E-001 1.9028147769E-011 1.5084664714E-011 4.9504271544E-001 1.4117779176E+000 -2.3737135639E-011 -1.3059445324E-011 3.0638713118E-011 3.3794508039E-011 1.3187235720E+000 9.4961778111E-002 1.8845248288E-011 1.7210129413E-011 -9.4961778111E-002 1.3187235720E+000
120.00 1.4428760580E+000 5.5217910095E-001 1.9031004083E-011 1.3698749104E-011 5.5217910095E-001 1.4428760580E+000 -2.3895254396E-011 -1.1741940545E-011 3.1414973512E-011 3.4597991233E-011 1.3314736182E+000 6.4556667035E-002 1.8191276917E-011 1.6727929527E-011 -6.4556667035E-002 1.3314736182E+000
121.00 1.4723266305E+000 6.0976531431E-001 1.8922301845E-011 1.2334212112E-011 6.0976531431E-001 1.4723266305E+000 -2.3935324282E-011 -1.0442748411E-011 3.2101879538E-011 3.5298916214E-011 1.3397523217E+000 3.1554473097E-002 1.7551495489E-011 1.6258432437E-011 -3.1554473097E-002 1.3397523217E+000
122.00 1.4998654476E+000 6.6759426539E-001 1.8706676942E-011 1.0994278045E-011 6.6759426539E-001 1.4998654476E+000 -2.3860031458E-011 -9.1664967002E-012 3.2701531903E-011 3.5898115529E-011 1.3430932439E+000 -3.8465189974E-003 1.6927510847E-011 1.5804048997E-011 3.8465189974E-003 1.3430932439E+000
123.00 1.5252798981E+000 7.2544184869E-001 1.8388177544E-011 9.6832899260E-012 7.2544184869E-001 1.5252798981E+000 -2.3673602146E-011 -7.9163330929E-012 3.3215552657E-011 3.6397369667E-011 1.3410803137E+000 -4.1430472291E-002 1.6321694231E-011 1.5366154796E-011 4.1430472291E-002 1.3410803137E+000
124.00 1.5484100846E+000 7.8306768734E-001 1.7971177911E-011 8.4049100375E-012 7.8306768734E-001 1.5484100846E+000 -2.3380835311E-011 -6.6954657961E-012 3.3645681028E-011 3.6798777284E-011 1.3333504852E+000 -8.0964626812E-002 1.5735817867E-011 1.4946062357E-011 8.0964626812E-002 1.3333504852E+000
125.00 1.5691492135E+000 8.4021625455E-001 1.7461037355E-011 7.1624307499E-012 8.4021625455E-001 1.5691492135E+000 -2.2986402252E-011 -5.5069676367E-012 3.3994182742E-011 3.7104356812E-011 1.3195957834E+000 -1.2220011516E-001 1.5171357469E-011 1.4544909578E-011 1.2220011516E-001 1.3195957834E+000
126.00 1.5874432584E+000 8.9661835746E-001 1.6862507987E-011 5.9587937749E-012 8.9661835746E-001 1.5874432584E+000 -2.2496395759E-011 -4.3537418060E-012 3.4262974349E-011 3.7316937085E-011 1.2995647433E+000 -1.6487297448E-001 1.4629459923E-011 1.4163693249E-011 1.6487297448E-001 1.2995647433E+000
127.00 1.6032899242E+000 9.5199296200E-001 1.6181814993E-011 4.7966744340E-012 9.5199296200E-001 1.6032899242E+000 -2.1916072478E-011 -3.2384425110E-012 3.4454710875E-011 3.7438835999E-011 1.2730632558E+000 -2.0870536141E-001 1.4111095479E-011 1.3803122718E-011 2.0870536141E-001 1.2730632558E+000
128.00 1.6167369467E+000 1.0060493318E+000 1.5424452282E-011 3.6782462378E-012 1.0060493318E+000 1.6167369467E+000 -2.1252048578E-011 -2.1636505557E-012 3.4571664937E-011 3.7473069981E-011 1.2399548390E+000 -2.5340697315E-001 1.3616783632E-011 1.3463787289E-011 2.5340697315E-001 1.2399548390E+000
129.00 1.6278797700E+000 1.0584894488E+000 1.4597473158E-011 2.6064256632E-012 1.0584894488E+000 1.6278797700E+000 -2.0510019454E-011 -1.1307349902E-012 3.4616817701E-011 3.7422373240E-011 1.2001603546E+000 -2.9867667393E-001 1.3147455319E-011 1.3145547250E-011 2.9867667393E-001 1.2001603546E+000
130.00 1.6368586476E+000 1.1090106800E+000 1.3706351685E-011 1.5822848928E-012 1.1090106800E+000 1.6368586476E+000 -1.9697656324E-011 -1.4228346355E-013 3.4592525187E-011 3.7290237841E-011 1.1536571970E+000 -3.4420432233E-001 1.2702791885E-011 1.2848816656E-011 3.4420432233E-001 1.1536571970E+000
131.00 1.6438552205E+000 1.1573086493E+000 1.2758921246E-011 6.0844122214E-013 1.1573086493E+000 1.6438552205E+000 -1.8820736231E-011 8.0107317381E-013 3.4502023536E-011 3.7079574753E-011 1.1004779835E+000 -3.8967279114E-001 1.2283389928E-011 1.2572907015E-011 3.8967279114E-001 1.1004779835E+000
132.00 1.6490886286E+000 1.2030802721E+000 1.1760580822E-011 -3.1376838517E-013 1.2030802721E+000 1.6490886286E+000 -1.7887718211E-011 1.6980092837E-012 3.4347608500E-011 3.6794300373E-011 1.0407087781E+000 -4.3476016742E-001 1.1888723277E-011 1.2317605179E-011 4.3476016742E-001 1.0407087781E+000
133.00 1.6528112148E+000 1.2460269078E+000 1.0719749228E-011 -1.1843841640E-012 1.2460269078E+000 1.6528112148E+000 -1.6904391860E-011 2.5462753978E-012 3.4133055163E-011 3.6437217141E-011 9.7448688481E-001 -4.7914211688E-001 1.1518157291E-011 1.2082582605E-011 4.7914211688E-001 9.7448688481E-001
134.00 1.6553038859E+000 1.2858575834E+000 9.6427195117E-012 -2.0015374750E-012 1.2858575834E+000 1.6553038859E+000 -1.5878702944E-011 3.3460302198E-012 3.3860889311E-011 3.6012194541E-011 9.0199824792E-001 -5.2249439311E-001 1.1171256420E-011 1.1866742302E-011 5.2249439311E-001 9.0199824792E-001
135.00 1.6568711950E+000 1.3222922416E+000 8.5368078699E-012 -2.7647413521E-012 1.3222922416E+000 1.6568711950E+000 -1.4817813806E-011 4.0964870384E-012 3.3534332173E-011 3.5522814090E-011 8.2347449882E-001 -5.6449546868E-001 1.0847215346E-011 1.1669238316E-011 5.6449546868E-001 8.2347449882E-001
136.00 1.6578362109E+000 1.3550649670E+000 7.4092901516E-012 -3.4741093975E-012 1.3550649670E+000 1.6578362109E+000 -1.3728839758E-011 4.7967581166E-012 3.3156597445E-011 3.4972562275E-011 7.3918969192E-001 -6.0482926244E-001 1.0544867203E-011 1.1488993830E-011 6.0482926244E-001 7.3918969192E-001
137.00 1.6585352439E+000 1.3839271433E+000 6.2666953831E-012 -4.1287353421E-012 1.3839271433E+000 1.6585352439E+000 -1.2619632097E-011 5.4473460995E-012 3.2730500225E-011 3.4365383970E-011 6.4945677201E-001 -6.4318793426E-001 1.0263161323E-011 1.1324719740E-011 6.4318793426E-001 6.4945677201E-001
138.00 1.6593124927E+000 1.4086504992E+000 5.1165418341E-012 -4.7287333150E-012 1.4086504992E+000 1.6593124927E+000 -1.1496902548E-011 6.0481578840E-012 3.2259243338E-011 3.3704812198E-011 5.5462381743E-001 -6.7927471660E-001 1.0000835368E-011 1.1174980374E-011 6.7927471660E-001 5.5462381743E-001
139.00 1.6605146795E+000 1.4290299991E+000 3.9654910344E-012 -5.2751459714E-012 1.4290299991E+000 1.6605146795E+000 -1.0368021065E-011 6.5985804493E-012 3.1746036655E-011 3.2994425474E-011 4.5507010377E-001 -7.1280675003E-001 9.7562165513E-012 1.1038447938E-011 7.1280675003E-001 4.5507010377E-001
140.00 1.6624857398E+000 1.4448865409E+000 2.8204417853E-012 -5.7673764748E-012 1.4448865409E+000 1.6624857398E+000 -9.2398643096E-012 7.0999948413E-012 3.1193736524E-011 3.2238136596E-011 3.5120203304E-001 -7.4351788876E-001 9.5279431078E-012 1.0913337845E-011 7.4351788876E-001 3.5120203304E-001
141.00 1.6655616275E+000 1.4560694229E+000 1.6875087562E-012 -6.2067831573E-012 1.4560694229E+000 1.6655616275E+000 -8.1197205729E-012 7.5521203272E-012 3.0605393684E-011 3.1439376776E-011 2.4344897339E-001 -7.7116144109E-001 9.3141002958E-012 1.0798181120E-011 7.7116144109E-001 2.4344897339E-001
142.00 1.6700652971E+000 1.4624585496E+000 5.7375243761E-013 -6.5939609381E-012 1.4624585496E+000 1.6700652971E+000 -7.0136031906E-012 7.9558104346E-012 2.9984040347E-011 3.0601784179E-011 1.3225905371E-001 -7.9551280961E-001 9.1131746646E-012 1.0691093008E-011 7.9551280961E-001 1.3225905371E-001
143.00 1.6763019198E+000 1.4639663463E+000 -5.1506123295E-013 -6.9298446439E-012 1.4639663463E+000 1.6763019198E+000 -5.9282870708E-012 8.3118520012E-012 2.9332520440E-011 2.9728927406E-011 1.8094956883E-002 -8.1637199592E-001 8.9231918453E-012 1.0590298381E-011 8.1637199592E-001 1.8094956883E-002
144.00 1.6845543870E+000 1.4605393595E+000 -1.5726421892E-012 -7.2151861320E-012 1.4605393595E+000 1.6845543870E+000 -4.8695660342E-012 8.6214799239E-012 2.8653572540E-011 2.8824387338E-011 -9.8570245901E-002 -8.3356593533E-001 8.7424172944E-012 1.0493914862E-011 8.3356593533E-001 -9.8570245901E-002
145.00 1.6950791507E+000 1.4521595224E+000 -2.5937525385E-012 -7.4512872826E-012 1.4521595224E+000 1.6950791507E+000 -3.8436841126E-012 8.8855841623E-012 2.7949889597E-011 2.7891488979E-011 -2.1725717887E-001 -8.4695062840E-001 8.5687884928E-012 1.0400172417E-011 8.4695062840E-001 -2.1725717887E-001
146.00 1.7081024458E+000 1.4388450715E+000 -3.5732999321E-012 -7.6397847206E-012 1.4388450715E+000 1.7081024458E+000 -2.8564040277E-012 9.1049957548E-012 2.7224298636E-011 2.6933509809E-011 -3.3748412445E-001 -8.5641303788E-001 8.4003030951E-012 1.0307220109E-011 8.5641303788E-001 -3.3748412445E-001
147.00 1.7238169329E+000 1.4206511033E+000 -4.5057535434E-012 -7.7818402622E-012 1.4206511033E+000 1.7238169329E+000 -1.9124627939E-012 9.2811560194E-012 2.6479166021E-011 2.5953712732E-011 -4.5877082832E-001 -8.6187272146E-001 8.2352264746E-012 1.0213153374E-011 8.6187272146E-001 -4.5877082832E-001
148.00 1.7423787981E+000 1.3976697658E+000 -5.3864981265E-012 -7.8788160187E-012 1.3976697658E+000 1.7423787981E+000 -1.0167566488E-012 9.4155123250E-012 2.5716880208E-011 2.4955301122E-011 -5.8064211281E-001 -8.6328317409E-001 8.0715966251E-012 1.0116180512E-011 8.6328317409E-001 -5.8064211281E-001
149.00 1.7639053373E+000 1.3700300830E+000 -6.2115966945E-012 -7.9325791030E-012 1.3700300830E+000 1.7639053373E+000 -1.7408143908E-013 9.5091269324E-012 2.4939909534E-011 2.3941181789E-011 -7.0263126715E-001 -8.6063285615E-001 7.9074235151E-012 1.0014504652E-011 8.6063285615E-001 -7.0263126715E-001
150.00 1.7884730486E+000 1.3378974157E+000 -6.9770532137E-012 -7.9450393485E-012 1.3378974157E+000 1.7884730486E+000 6.1151047297E-013 9.5631329924E-012 2.4150462950E-011 2.2914126601E-011 -8.2428318683E-001 -8.5394588742E-001 7.7410181934E-012 9.9063394525E-012 8.5394588742E-001 -8.2428318683E-001
151.00 1.8161162505E+000 1.3014725664E+000 -7.6797725725E-012 -7.9168314661E-012 1.3014725664E+000 1.8161162505E+000 1.3359667806E-012 9.5800435066E-012 2.3350480140E-011 2.1877118257E-011 -9.4515723733E-001 -8.4328239089E-001 7.5701704260E-012 9.7903530797E-012 8.4328239089E-001 -9.4515723733E-001
152.00 1.8468262366E+000 1.2609905397E+000 -8.3159609090E-012 -7.8510743425E-012 1.2609905397E+000 1.8468262366E+000 1.9966294803E-012 9.5599897104E-012 2.2542028747E-011 2.0832542949E-011 -1.0648298215E+000 -8.2873847399E-001 7.3938389049E-012 9.6644930775E-012 8.2873847399E-001 -1.0648298215E+000
153.00 1.8805509721E+000 1.2167189711E+000 -8.8833538549E-012 -7.7486744191E-012 1.2167189711E+000 1.8805509721E+000 2.5902925292E-012 9.5053290480E-012 2.1726812622E-011 1.9783046748E-011 -1.1828966332E+000 -8.1044583973E-001 7.2100014919E-012 9.5275670734E-012 8.1044583973E-001 -1.1828966332E+000
154.00 1.9171953315E+000 1.1689562460E+000 -9.3801459826E-012 -7.6117142232E-012 1.1689562460E+000 1.9171953315E+000 3.1140472235E-012 9.4172470419E-012 2.0906695099E-011 1.8730615277E-011 -1.2989745855E+000 -7.8857102429E-001 7.0171340193E-012 9.3781992421E-012 7.8857102429E-001 -1.2989745855E+000
155.00 1.9566218694E+000 1.1180293261E+000 -9.8036488544E-012 -7.4414265648E-012 1.1180293261E+000 1.9566218694E+000 3.5668663391E-012 9.2979317193E-012 2.0082774767E-011 1.7678070446E-011 -1.4127034022E+000 -7.6331426237E-001 6.8138505699E-012 9.2152013977E-012 7.6331426237E-001 -1.4127034022E+000
156.00 1.9986521130E+000 1.0642913105E+000 -1.0153403739E-011 -7.2405604808E-012 1.0642913105E+000 1.9986521130E+000 3.9462275521E-012 9.1478768406E-012 1.9256968307E-011 1.6626667268E-011 -1.5237468710E+000 -7.3490798618E-001 6.5990406468E-012 9.0372086617E-012 7.3490798618E-001 -1.5237468710E+000
157.00 2.0430683569E+000 1.0081187550E+000 -1.0427940510E-011 -7.0105576177E-012 1.0081187550E+000 2.0430683569E+000 4.2516432110E-012 8.9690427122E-012 1.8430214146E-011 1.5578725980E-011 -1.6317937562E+000 -7.0361496857E-001 6.3715981379E-012 8.8432849609E-012 7.0361496857E-001 -1.6317937562E+000
158.00 2.0896159353E+000 9.4990877817E-001 -1.0626870986E-011 -6.7525202642E-012 9.4990877817E-001 2.0896159353E+000 4.4822952012E-012 8.7635672306E-012 1.7603409287E-011 1.4535967919E-011 -1.7365583743E+000 -6.6972612517E-001 6.1301137088E-012 8.6329666542E-012 6.6972612517E-001 -1.7365583743E+000
159.00 2.1380059441E+000 8.9007598423E-001 -1.0750580144E-011 -6.4691510667E-012 8.9007598423E-001 2.1380059441E+000 4.6376861218E-012 8.5319294347E-012 1.6777997498E-011 1.3499595514E-011 -1.8377808429E+000 -6.3355799487E-001 5.8741032763E-012 8.4050148000E-012 6.3355799487E-001 -1.8377808429E+000
160.00 2.1879183772E+000 8.2904923193E-001 -1.0799168995E-011 -6.1615677028E-012 8.2904923193E-001 2.1879183772E+000 4.7182174947E-012 8.2763084374E-012 1.5954426122E-011 1.2471193699E-011 -1.9352270117E+000 -5.9544992213E-001 5.6026566938E-012 8.1593316367E-012 5.9544992213E-001 -1.9352270117E+000
161.00 2.2390056391E+000 7.6726828093E-001 -1.0773629049E-011 -5.8320427619E-012 7.6726828093E-001 2.2390056391E+000 4.7244320259E-012 7.9975087693E-012 1.5133568625E-011 1.1451784200E-011 -2.0286880941E+000 -5.5576096823E-001 5.3155360431E-012 7.8951288908E-012 5.5576096823E-001 -2.0286880941E+000
162.00 2.2908963907E+000 7.0518034711E-001 -1.0674870184E-011 -5.4816084632E-012 7.0518034711E-001 2.2908963907E+000 4.6577622192E-012 7.6975823535E-012 1.4315577925E-011 1.0442785423E-011 -2.1179800172E+000 -5.1486658236E-001 5.0120246991E-012 7.6125576338E-012 5.1486658236E-001 -2.1179800172E+000
163.00 2.3431996829E+000 6.4323659812E-001 -1.0505282371E-011 -5.1124623515E-012 6.4323659812E-001 2.3431996829E+000 4.5189773685E-012 7.3772184703E-012 1.3501425046E-011 9.4444474941E-012 -2.2029425131E+000 -4.7315506654E-001 4.6921557625E-012 7.3111897353E-012 4.7315506654E-001 -2.2029425131E+000
164.00 2.3955093278E+000 5.8188862020E-001 -1.0266337303E-011 -4.7254588083E-012 5.8188862020E-001 2.3955093278E+000 4.3105889562E-012 7.0385642995E-012 1.2690824186E-011 8.4580751568E-012 -2.2834379772E+000 -4.3102387109E-001 4.3554907350E-012 6.9916525007E-012 4.3102387109E-001 -2.2834379772E+000
165.00 2.4474084563E+000 5.2158488705E-001 -9.9606930933E-012 -4.3228107297E-012 5.2158488705E-001 2.4474084563E+000 4.0346067487E-012 6.6821982579E-012 1.1884117735E-011 7.4839044583E-012 -2.3593501226E+000 -3.8887575967E-001 4.0026157016E-012 6.6537272646E-012 3.8887575967E-001 -2.3593501226E+000
166.00 2.4984742089E+000 4.6276726032E-001 -9.5911326701E-012 -3.9058886280E-012 4.6276726032E-001 2.4984742089E+000 3.6938137167E-012 6.3094731175E-012 1.1081253298E-011 6.5224896199E-012 -2.4305824594E+000 -3.4711488494E-001 3.6337428467E-012 6.2978813750E-012 3.4711488494E-001 -2.4305824594E+000
167.00 2.5482825034E+000 4.0586755071E-001 -9.1609399474E-012 -3.4756797052E-012 4.0586755071E-001 2.5482825034E+000 3.2910870182E-012 5.9219597594E-012 1.0282122880E-011 5.5740194105E-012 -2.4970566322E+000 -3.0614281693E-001 3.2489239195E-012 5.9249941933E-012 3.0614281693E-001 -2.4970566322E+000
168.00 2.5964128259E+000 3.5130416699E-001 -8.6737883776E-012 -3.0338799881E-012 3.5130416699E-001 2.5964128259E+000 2.8295896880E-012 5.5205316389E-012 9.4866635374E-012 4.6384089608E-012 -2.5587106497E+000 -2.6635456749E-001 2.8490030787E-012 5.5355741079E-012 2.6635456749E-001 -2.5587106497E+000
169.00 2.6424529866E+000 2.9947887935E-001 -8.1329960509E-012 -2.5819376196E-012 2.9947887935E-001 2.6424529866E+000 2.3135651341E-012 5.1062123890E-012 8.6941044360E-012 3.7161408208E-012 -2.6154970401E+000 -2.2813465405E-001 2.4348813754E-012 5.1303370855E-012 2.2813465405E-001 -2.6154970401E+000
170.00 2.6860037885E+000 2.5077372160E-001 -7.5429140187E-012 -2.1208388706E-012 2.5077372160E-001 2.6860037885E+000 1.7467165254E-012 4.6803257046E-012 7.9041597600E-012 2.8068648620E-012 -2.6673809673E+000 -1.9185324608E-001 2.0071543191E-012 4.7105071415E-012 1.9185324608E-001 -2.6673809673E+000
171.00 2.7266835520E+000 2.0554805537E-001 -6.9082969900E-012 -1.6519709641E-012 2.0554805537E-001 2.7266835520E+000 1.1330151123E-012 4.2439093643E-012 7.1166492776E-012 1.9100689746E-012 -2.7143383430E+000 -1.5786243683E-001 1.5669666926E-012 4.2772225378E-012 1.5786243683E-001 -2.7143383430E+000
172.00 2.7641324442E+000 1.6413581766E-001 -6.2331448864E-012 -1.1765200409E-012 1.6413581766E-001 2.7641324442E+000 4.7747413573E-013 3.7977933052E-012 6.3303586180E-012 1.0258261619E-012 -2.7563539693E+000 -1.2649268152E-001 1.1154833971E-012 3.8314938451E-012 1.2649268152E-001 -2.7563539693E+000
173.00 2.7980165641E+000 1.2684297130E-001 -5.5225838843E-012 -6.9559649372E-013 1.2684297130E-001 2.7980165641E+000 -2.1532328183E-013 3.3431799187E-012 5.5448472152E-012 1.5354931052E-013 -2.7934197430E+000 -9.8049441740E-002 6.5392256800E-013 3.3748773040E-012 9.8049441740E-002 -2.7934197430E+000
174.00 2.8280317340E+000 9.3945176038E-002 -4.7819492453E-012 -2.1021441239E-013 9.3945176038E-002 2.8280317340E+000 -9.4081499968E-013 2.8809400057E-012 4.7596268956E-012 -7.0770010223E-013 -2.8255329560E+000 -7.2810073395E-002 1.8353870567E-013 2.9087135822E-012 7.2810073395E-002 -2.8255329560E+000
175.00 2.8539069555E+000 6.5685696340E-002 -4.0160075491E-012 2.7840784331E-013 6.5685696340E-002 2.8539069555E+000 -1.6933870495E-012 2.4120087123E-012 3.9734632592E-012 -1.5580933722E-012 -2.8526947187E+000 -5.1020992931E-002 -2.9405377449E-013 2.4344899063E-012 5.1020992931E-002 -2.8526947187E+000
176.00 2.8754074898E+000 4.2273559731E-002 -3.2303448582E-012 7.6935197047E-013 4.2273559731E-002 2.8754074898E+000 -2.4679913090E-012 1.9373987954E-012 3.1857196876E-012 -2.3985631816E-012 -2.8749085355E+000 -3.2895153634E-002 -7.7744887722E-013 1.9538669824E-012 3.2895153634E-002 -2.8749085355E+000
177.00 2.8923375260E+000 2.3881977995E-002 -2.4303300505E-012 1.2615420327E-012 2.3881977995E-002 2.8923375260E+000 -3.2591480655E-012 1.4579574751E-012 2.3954114065E-012 -3.2298098484E-012 -2.8921790554E+000 -1.8609860232E-002 -1.2649855541E-012 1.4684026217E-012 1.8609860232E-002 -2.8921790554E+000
178.00 2.9045424080E+000 1.0647041429E-002 -1.6215154105E-012 1.7540267023E-012 1.0647041429E-002 2.9045424080E+000 -4.0613228589E-012 9.7463838349E-013 1.6016271078E-012 -4.0526211838E-012 -2.9045110206E+000 -8.3049463361E-003 -1.7550525089E-012 9.7980696362E-013 8.3049463361E-003 -2.9045110206E+000
179.00 2.9119103931E+000 2.6666945845E-003 -8.0953068200E-013 2.2458488408E-012 2.6666945845E-003 2.9119103931E+000 -4.8689889155E-012 4.8831839835E-013 8.0346691039E-013 -4.8679007906E-012 -2.9119084283E+000 -2.0813352066E-003 -2.2459774509E-012 4.8974141695E-013 2.0813352066E-003 -2.9119084283E+000
180.00 2.9143739232E+000 2.2204460493E-016 1.7440038910E-017 2.7360802085E-012 2.2204460493E-016 2.9143739232E+000 -5.6765142291E-012 -2.5945852449E-019 -1.7440038910E-017 -5.6765142291E-012 -2.9143739232E+000 3.3306690739E-016 -2.7360802085E-012 -2.5945852530E-019 -3.3306690739E-016 -2.9143739232E+000
