theta s11 s12 s13 s14 s21 s22 s23 s24 s31 s32 s33 s34 s41 s42 s43 s44
0.00 1.4154797714E+002 -1.7763568394E-015 0.0000000000E+000 -1.0177070872E-010 -1.7763568394E-015 1.4154797714E+002 -1.5125698934E-011 0.0000000000E+000 0.0000000000E+000 1.5125698934E-011 1.4154797714E+002 0.0000000000E+000 -1.0177070872E-010 0.0000000000E+000 0.0000000000E+000 1.4154797714E+002
1.00 1.4140075258E+002 -5.8903789098E-003 6.9215221889E-012 -1.0599836625E-010 -5.8903789098E-003 1.4140075258E+002 -2.2021564380E-011 4.2767951196E-012 6.9131449968E-012 2.2020975336E-011 1.4140075211E+002 9.9513429965E-003 -1.0599867497E-010 -4.2739292916E-012 -9.9513429965E-003 1.4140075211E+002
2.00 1.4095991995E+002 -2.3466973424E-002 1.3822189058E-011 -1.1010264024E-010 -2.3466973424E-002 1.4095991995E+002 -2.8835985595E-011 8.5327148821E-012 1.3786373705E-011 2.8831285321E-011 1.4095991240E+002 3.9706966954E-002 -1.1010510909E-010 -8.5225069554E-012 -3.9706966954E-002 1.4095991240E+002
3.00 1.4022799508E+002 -5.2447620086E-002 2.0674952455E-011 -1.1407649273E-010 -5.2447620086E-002 1.4022799508E+002 -3.5543985339E-011 1.2759165674E-011 2.0589278750E-011 3.5528179448E-011 1.4022795705E+002 8.8972729757E-002 -1.1408481514E-010 -1.2739044749E-011 -8.8972729757E-002 1.4022795705E+002
4.00 1.3920914707E+002 -9.2366899506E-002 2.7454332934E-011 -1.1791197150E-010 -9.2366899506E-002 1.3920914707E+002 -4.2118033844E-011 1.6948443336E-011 2.7293185369E-011 4.2080742012E-011 1.3920902759E+002 1.5726195767E-001 -1.1793165982E-010 -1.6917759705E-011 -1.5726195767E-001 1.3920902759E+002
5.00 1.3790916242E+002 -1.4258333180E-001 3.4134205688E-011 -1.2160252272E-010 -1.4258333180E-001 1.3790916242E+002 -4.8533536264E-011 2.1093065673E-011 3.3868968992E-011 4.8461113159E-011 1.3790887304E+002 2.4390074349E-001 -1.2164086933E-010 -2.1053092268E-011 -2.4390074349E-001 1.3790887304E+002
6.00 1.3633539563E+002 -2.0228928356E-001 4.0688474149E-011 -1.2514070866E-010 -2.0228928356E-001 1.3633539563E+002 -5.4767073652E-011 2.5185784563E-011 4.0287762308E-011 5.4642763510E-011 1.3633480132E+002 3.4803527151E-001 -1.2520673084E-010 -2.5139706473E-011 -3.4803527151E-001 1.3633480132E+002
7.00 1.3449670641E+002 -2.7052342334E-001 4.7092613429E-011 -1.2852054950E-010 -2.7052342334E-001 1.3449670641E+002 -6.0794173369E-011 2.9217893633E-011 4.6522528611E-011 6.0598300056E-011 1.3449561788E+002 4.6864107843E-001 -1.2862492571E-010 -2.9170775654E-011 -4.6864107843E-001 1.3449561788E+002
8.00 1.3240338450E+002 -3.4618552093E-001 5.3322720784E-011 -1.3173718776E-010 -3.4618552093E-001 1.3240338450E+002 -6.6591471418E-011 3.3182086743E-011 5.2547136201E-011 6.6301654027E-011 1.3240155181E+002 6.0453413554E-001 -1.3189217698E-010 -3.3140825283E-011 -6.0453413554E-001 1.3240155181E+002
9.00 1.3006706275E+002 -4.2805334801E-001 5.9354959406E-011 -1.3478338524E-010 -4.2805334801E-001 1.3006706275E+002 -7.2138574667E-011 3.7072333170E-011 5.8335836748E-011 7.1729968203E-011 1.3006417065E+002 7.5438361551E-001 -1.3500272673E-010 -3.7045612900E-011 -7.5438361551E-001 1.3006417065E+002
10.00 1.2750061943E+002 -5.1480140412E-001 6.5167264408E-011 -1.3765395420E-010 -5.1480140412E-001 1.2750061943E+002 -7.7413701092E-011 4.0881013118E-011 6.3864990385E-011 7.6859271871E-011 1.2749628445E+002 9.1672618647E-001 -1.3795276944E-010 -4.0879222295E-011 -9.1672618647E-001 1.2749628445E+002
11.00 1.2471807093E+002 -6.0502116292E-001 7.0738678799E-011 -1.4034438462E-010 -6.0502116292E-001 1.2471807093E+002 -8.2397687009E-011 4.4601523285E-011 6.9112413071E-011 8.1668500730E-011 1.2471184028E+002 1.0899816585E+000 -1.4073906113E-010 -4.4636674251E-011 -1.0899816585E+000 1.2471184028E+002
12.00 1.2173445583E+002 -6.9724251091E-001 7.6049567930E-011 -1.4285033363E-010 -6.9724251091E-001 1.2173445583E+002 -8.7071844364E-011 4.8226203910E-011 7.4057617322E-011 8.6137388617E-011 1.2172580831E+002 1.2724697918E+000 -1.4335841012E-010 -4.8311830259E-011 -1.2724697918E+000 1.2172580831E+002
13.00 1.1856571172E+002 -7.8995603264E-001 8.1078654509E-011 -1.4516733991E-010 -7.8995603264E-001 1.1856571172E+002 -9.1420775380E-011 5.1749456197E-011 7.8678850873E-011 9.0249291245E-011 1.1855406054E+002 1.4624280622E+000 -1.4580733264E-010 -5.1900528397E-011 -1.4624280622E+000 1.1855406054E+002
14.00 1.1522854605E+002 -8.8163578532E-001 8.5809047568E-011 -1.4729215832E-010 -8.8163578532E-001 1.1522854605E+002 -9.5428983916E-011 5.5164071515E-011 8.2959137785E-011 9.3987815460E-011 1.1521324351E+002 1.6580301706E+000 -1.4808345692E-010 -5.5396863735E-011 -1.6580301706E+000 1.1521324351E+002
15.00 1.1174030226E+002 -9.7076220017E-001 9.0222915419E-011 -1.4922036448E-010 -9.7076220017E-001 1.1174030226E+002 -9.9084265981E-011 5.8464640141E-011 8.6880967432E-011 9.7340214212E-011 1.1172064633E+002 1.8574050753E+000 -1.5018304198E-010 -5.8796645878E-011 -1.8574050753E+000 1.1172064633E+002
16.00 1.0811882270E+002 -1.0558447488E+000 9.4311925028E-011 -1.5094892751E-010 -1.0558447488E+000 1.0811882270E+002 -1.0236693786E-010 6.1645798784E-011 9.0436800414E-011 1.0028655010E-010 1.0809406528E+002 2.0586563198E+000 -1.5210372730E-010 -6.2095435854E-011 -2.0586563198E+000 1.0809406528E+002
17.00 1.0438230968E+002 -1.1354440198E+000 9.8053571951E-011 -1.5247701845E-010 -1.1354440198E+000 1.0438230968E+002 -1.0527598974E-010 6.4700134093E-011 9.3605136566E-011 1.0282611075E-010 1.0435166638E+002 2.2598814313E+000 -1.5384494608E-010 -6.5286883946E-011 -2.2598814313E+000 1.0435166638E+002
18.00 1.0054918601E+002 -1.2081928647E+000 1.0144101218E-010 -1.5379944930E-010 -1.2081928647E+000 1.0054918601E+002 -1.0779679426E-010 6.7624424962E-011 9.6380768424E-011 1.0494472807E-010 1.0051184734E+002 2.4591911630E+000 -1.5540182810E-010 -6.8368464183E-011 -2.4591911630E+000 1.0051184734E+002
19.00 9.6637956505E+001 -1.2728162883E+000 1.0446448003E-010 -1.5491757231E-010 -1.2728162883E+000 9.6637956505E+001 -1.0992175875E-010 7.0410744515E-011 9.8755773528E-011 1.0663578230E-010 9.6593100134E+001 2.6547283606E+000 -1.5677587120E-010 -7.1332816552E-011 -2.6547283606E+000 9.6593100134E+001
20.00 9.2667071717E+001 -1.3281497872E+000 1.0711043762E-010 -1.5582542996E-010 -1.3281497872E+000 9.2667071717E+001 -1.1165004204E-010 7.3058601394E-011 1.0071896332E-010 1.0789964822E-010 9.2613875628E+001 2.8446862386E+000 -1.5796085929E-010 -7.4180113305E-011 -2.8446862386E+000 9.2613875628E+001
21.00 8.8654795172E+001 -1.3731558639E+000 1.0937835148E-010 -1.5652589272E-010 -1.3731558639E+000 8.8654795172E+001 -1.1297084110E-010 7.5559634590E-011 1.0227243829E-010 1.0872716020E-010 8.8592451417E+001 3.0273258647E+000 -1.5895968082E-010 -7.6902060116E-011 -3.0273258647E+000 8.8592451417E+001
22.00 8.4619075427E+001 -1.4069384805E+000 1.1125421023E-010 -1.5701797518E-010 -1.4069384805E+000 8.4619075427E+001 -1.1389000770E-010 7.7909136724E-011 1.0340506004E-010 1.0912628150E-010 8.4546804175E+001 3.2009926611E+000 -1.5977069143E-010 -7.9494393399E-011 -3.2009926611E+000 8.4546804175E+001
23.00 8.0577424013E+001 -1.4287552504E+000 1.1274272602E-010 -1.5730174520E-010 -1.4287552504E+000 8.0577424013E+001 -1.1439959390E-010 8.0103176719E-011 1.0412494081E-010 1.0909122631E-010 8.0494487616E+001 3.3641317485E+000 -1.6039373612E-010 -8.1952931116E-011 -3.3641317485E+000 8.0494487616E+001
24.00 7.6546800342E+001 -1.4380272082E+000 1.1383623789E-010 -1.5737416273E-010 -1.4380272082E+000 7.6546800342E+001 -1.1450532610E-010 8.2141247605E-011 1.0442808736E-010 1.0863025815E-010 7.6452517110E+001 3.5153019732E+000 -1.6082483600E-010 -8.4277271132E-011 -3.5153019732E+000 7.6452517110E+001
25.00 7.2543504551E+001 -1.4343460359E+000 1.1453792427E-010 -1.5723672259E-010 -1.4343460359E+000 7.2543504551E+001 -1.1420708053E-010 8.4017970318E-011 1.0432157998E-010 1.0774612462E-010 7.2437261944E+001 3.6531884799E+000 -1.6106487379E-010 -8.6461620381E-011 -3.6531884799E+000 7.2437261944E+001
26.00 6.8583079092E+001 -1.4174786711E+000 1.1484536832E-010 -1.5689096122E-010 -1.4174786711E+000 6.8583079092E+001 -1.1351248627E-010 8.5730145622E-011 1.0380703930E-010 1.0644964226E-010 6.8464346055E+001 3.7766137098E+000 -1.6111427732E-010 -8.8502516915E-011 -3.7766137098E+000 6.8464346055E+001
27.00 6.4680219823E+001 -1.3873692620E+000 1.1476484958E-010 -1.5634011399E-010 -1.3873692620E+000 6.4680219823E+001 -1.1242461885E-010 8.7272799297E-011 1.0289501033E-010 1.0474729998E-010 6.4548557998E+001 3.8845467287E+000 -1.6097546001E-010 -9.0394244844E-011 -3.8845467287E+000 6.4548557998E+001
28.00 6.0848697187E+001 -1.3441384807E+000 1.1429665614E-010 -1.5558314905E-010 -1.3441384807E+000 6.0848697187E+001 -1.1095526692E-010 8.8646421822E-011 1.0159035103E-010 1.0265435219E-010 6.0703770756E+001 3.9761108083E+000 -1.6064592411E-010 -9.2136929720E-011 -3.9761108083E+000 6.0703770756E+001
29.00 5.7101287950E+001 -1.2880802469E+000 1.1345035697E-010 -1.5462324490E-010 -1.2880802469E+000 5.7101287950E+001 -1.0910996511E-010 8.9846985932E-011 9.9907271625E-011 1.0018010379E-010 5.6942871914E+001 4.0505892110E+000 -1.6012784942E-010 -9.3725513585E-011 -4.0505892110E+000 5.6942871914E+001
30.00 5.3449717845E+001 -1.2196559548E+000 1.1223051028E-010 -1.5346263210E-010 -1.2196559548E+000 5.3449717845E+001 -1.0690264593E-010 9.0873664621E-011 9.7855014360E-011 9.7342347277E-011 5.3277704557E+001 4.1074291486E+000 -1.5942188929E-010 -9.5158508746E-011 -4.1074291486E+000 5.3277704557E+001
31.00 4.9904615349E+001 -1.1394863368E+000 1.1065017895E-010 -1.5210287160E-010 -1.1394863368E+000 4.9904615349E+001 -1.0434138267E-010 9.1726045488E-011 9.5451627595E-011 9.4152951336E-011 4.9719019152E+001 4.1462439109E+000 -1.5852847842E-010 -9.6434222889E-011 -4.1462439109E+000 4.9719019152E+001
32.00 4.6475476649E+001 -1.0483411286E+000 1.0871475895E-010 -1.5055007471E-010 -1.0483411286E+000 4.6475476649E+001 -1.0144467230E-010 9.2399388260E-011 9.2706985809E-011 9.0634861830E-011 4.6276436537E+001 4.1668131796E+000 -1.5745190508E-010 -9.7547189258E-011 -4.1668131796E+000 4.6276436537E+001
33.00 4.3170641793E+001 -9.4712673723E-001 1.0643937719E-010 -1.4880377829E-010 -9.4712673723E-001 4.3170641793E+001 -9.8223912688E-011 9.2897819555E-011 8.9641453865E-011 8.6803061830E-011 4.2958422022E+001 4.1690815697E+000 -1.5619035380E-010 -9.8500161328E-011 -4.1690815697E+000 4.2958422022E+001
34.00 3.9997281836E+001 -8.3687213774E-001 1.0383437321E-010 -1.4687195641E-010 -8.3687213774E-001 3.9997281836E+001 -9.4698051921E-011 9.3216235888E-011 8.6269692880E-011 8.2681076366E-011 3.9772270479E+001 4.1531554557E+000 -1.5475003904E-010 -9.9287024005E-011 -4.1531554557E+000 3.9772270479E+001
35.00 3.6961396723E+001 -7.1871324925E-001 1.0091885262E-010 -1.4475531221E-010 -7.1871324925E-001 3.6961396723E+001 -9.0879277493E-011 9.3358707807E-011 8.2615918576E-011 7.8284659699E-011 3.6724102189E+001 4.1192981653E+000 -1.5313049601E-010 -9.9910094798E-011 -4.1192981653E+000 3.6724102189E+001
36.00 3.4067823519E+001 -5.9387605990E-001 9.7705043813E-011 -1.4246076658E-010 -5.9387605990E-001 3.4067823519E+001 -8.6789159289E-011 9.3323152644E-011 7.8696595393E-011 7.3639683328E-011 3.3818869109E+001 4.0679236364E+000 -1.5133674613E-010 -1.0036625569E-010 -4.0679236364E+000 3.3818869109E+001
37.00 3.1320254511E+001 -4.6365878364E-001 9.4206747066E-011 -1.3999237209E-010 -4.6365878364E-001 3.1320254511E+001 -8.2449125832E-011 9.3111407027E-011 7.4529987439E-011 6.8771364400E-011 3.1060371114E+001 3.9995886529E+000 -1.4937085190E-010 -1.0065628096E-010 -3.9995886529E+000 3.1060371114E+001
38.00 2.8721264599E+001 -3.2941334088E-001 9.0446018436E-011 -1.3735601253E-010 -3.2941334088E-001 2.8721264599E+001 -7.7874939244E-011 9.2724032483E-011 7.0142287637E-011 6.3699247516E-011 2.8451281675E+001 3.9149837876E+000 -1.4723764692E-010 -1.0077880226E-010 -3.9149837876E+000 2.8451281675E+001
39.00 2.6272347340E+001 -1.9252645854E-001 8.6439514892E-011 -1.3455545508E-010 -1.9252645854E-001 2.6272347340E+001 -7.3088732398E-011 9.2164629264E-011 6.5554340744E-011 5.8448786595E-011 2.5993182363E+001 3.8149231934E+000 -1.4493909384E-010 -1.0073615698E-010 -3.8149231934E+000 2.5993182363E+001
40.00 2.3973958917E+001 -5.4400684039E-002 8.2206210372E-011 -1.3159818942E-010 -5.4400684039E-002 2.3973958917E+001 -6.8112163580E-011 9.1433429610E-011 6.0788591722E-011 5.3045257906E-011 2.3686605487E+001 3.7003333931E+000 -1.4248109985E-010 -1.0052716900E-010 -3.7003333931E+000 2.3686605487E+001
41.00 2.1825569254E+001 8.3564398830E-002 7.7766545659E-011 -1.2849195745E-010 8.3564398830E-002 2.1825569254E+001 -6.2966509573E-011 9.0531469705E-011 5.5868608817E-011 4.7513335381E-011 2.1531084108E+001 3.5722412275E+000 -1.3986994136E-010 -1.0015135790E-010 -3.5722412275E+000 2.1531084108E+001
42.00 1.9825719465E+001 2.1999047440E-001 7.3139802008E-011 -1.2523980157E-010 2.1999047440E-001 1.9825719465E+001 -5.7675319349E-011 8.9464933938E-011 5.0817312121E-011 4.1878918281E-011 1.9525208631E+001 3.4317611257E+000 -1.3710703593E-010 -9.9613618789E-011 -3.4317611257E+000 1.9525208631E+001
43.00 1.7972084776E+001 3.5353805783E-001 6.8348073441E-011 -1.2185052563E-010 3.5353805783E-001 1.7972084776E+001 -5.2260154939E-011 8.8235340384E-011 4.5659182232E-011 3.6166479198E-011 1.7666689135E+001 3.2800818652E+000 -1.3419992648E-010 -9.8913883353E-011 -3.2800818652E+000 1.7666689135E+001
44.00 1.6261542038E+001 4.8292307253E-001 6.3411136175E-011 -1.1833072807E-010 4.8292307253E-001 1.6261542038E+001 -4.6745420539E-011 8.6846609727E-011 4.0416496677E-011 3.0402632747E-011 1.5952422565E+001 3.1184529894E+000 -1.3115357726E-010 -9.8054926031E-011 -3.1184529894E+000 1.5952422565E+001
45.00 1.4690240948E+001 6.0693222128E-001 5.8352980981E-011 -1.1468842912E-010 6.0693222128E-001 1.4690240948E+001 -4.1152006589E-011 8.5302164030E-011 3.5115002644E-011 2.4610475327E-011 1.4378563901E+001 2.9481710505E+000 -1.2797511188E-010 -9.7038434892E-011 -2.9481710505E+000 1.4378563901E+001
46.00 1.3253678091E+001 7.2443695574E-001 5.3194175456E-011 -1.1092962118E-010 7.2443695574E-001 1.3253678091E+001 -3.5504187529E-011 8.3607838138E-011 2.9777204368E-011 1.8815621515E-011 1.2940600409E+001 2.7705658402E+000 -1.2466916154E-010 -9.5869029921E-011 -2.7705658402E+000 1.2940600409E+001
47.00 1.1946772913E+001 8.3440587658E-001 4.7958158661E-011 -1.0706371306E-010 8.3440587658E-001 1.1946772913E+001 -2.9823513749E-011 8.1766944760E-011 2.4427278996E-011 1.3041343060E-011 1.1633428099E+001 2.5869867659E+000 -1.2124420436E-010 -9.4548527287E-011 -2.5869867659E+000 1.1633428099E+001
48.00 1.0763944784E+001 9.3591542664E-001 4.2663315128E-011 -1.0309826085E-010 9.3591542664E-001 1.0763944784E+001 -2.4136211769E-011 7.9785090450E-011 1.9084757785E-011 7.3144183904E-012 1.0451429494E+001 2.3987895233E+000 -1.1770604222E-010 -9.3081937912E-011 -2.3987895233E+000 1.0451429494E+001
49.00 9.6991903122E+000 1.0281587703E+000 3.7334953452E-011 -9.9041029094E-011 1.0281587703E+000 9.6991903122E+000 -1.8461607946E-011 7.7668202621E-011 1.3775084106E-011 1.6549744021E-012 9.3885518863E+000 2.2073232053E+000 -1.1406222273E-010 -9.1473280960E-011 -2.2073232053E+000 9.3885518863E+000
50.00 8.7461601179E+000 1.1104527848E+000 3.1994081086E-011 -9.4901019816E-011 1.1104527848E+000 8.7461601179E+000 -1.2822617908E-011 7.5421541492E-011 8.5191036349E-012 -3.9137799431E-012 8.4383852601E+000 2.0139179782E+000 -1.1032067424E-010 -8.9726876035E-011 -2.0139179782E+000 8.4383852601E+000
51.00 7.8982343366E+000 1.1822431201E+000 2.6661636013E-011 -9.0685996438E-011 1.1822431201E+000 7.8982343366E+000 -7.2410592200E-012 7.3052101728E-011 3.3374184087E-012 -9.3703987161E-012 7.5942390990E+000 1.8198734429E+000 -1.0648838734E-010 -8.7848507947E-011 -1.8198734429E+000 7.5942390990E+000
52.00 7.1485961435E+000 1.2431073181E+000 2.1358791772E-011 -8.6404856828E-011 1.2431073181E+000 7.1485961435E+000 -1.7382935536E-012 7.0566110353E-011 -1.7497367751E-012 -1.4693969565E-011 6.8492173726E+000 1.6264477864E+000 -1.0257359064E-010 -8.5843407783E-011 -1.6264477864E+000 6.8492173726E+000
53.00 6.4903026739E+000 1.2927560088E+000 1.6106056974E-011 -8.2067029460E-011 1.2927560088E+000 6.4903026739E+000 3.6654547325E-012 6.7969791593E-011 -6.7233446741E-012 -1.9865048181E-011 6.1962910239E+000 1.4348478134E+000 -9.8584982288E-011 -8.3716830381E-011 -1.4348478134E+000 6.1962910239E+000
54.00 5.9163527642E+000 1.3310322353E+000 1.0923829129E-011 -7.7680845010E-011 1.3310322353E+000 5.9163527642E+000 8.9506388882E-012 6.5270758833E-011 -1.1564670522E-011 -2.4865345208E-011 5.6283673557E+000 1.2462199356E+000 -9.4530546701E-011 -8.1475288538E-011 -1.2462199356E+000 5.6283673557E+000
55.00 5.4197510065E+000 1.3579089833E+000 5.8302335870E-012 -7.3255204107E-011 1.3579089833E+000 5.4197510065E+000 1.4097233294E-011 6.2476586567E-011 -1.6257445033E-011 -2.9676734230E-011 5.1383557731E+000 1.0616421786E+000 -9.0418592152E-011 -7.9125577877E-011 -1.0616421786E+000 5.1383557731E+000
56.00 4.9935676773E+000 1.3734850183E+000 8.4553957025E-013 -6.8799829940E-011 1.3734850183E+000 4.9935676773E+000 1.9088687635E-011 5.9594105061E-011 -2.0784314186E-011 -3.4284070922E-011 4.7192294080E+000 8.8211725224E-001 -8.6258577441E-011 -7.6673569084E-011 -8.8211725224E-001 4.7192294080E+000
57.00 4.6309941695E+000 1.3779791551E+000 -4.0134694929E-012 -6.4323069120E-011 1.3779791551E+000 4.6309941695E+000 2.3907050340E-011 5.6631915787E-011 -2.5130998929E-011 -3.8672002175E-011 4.3640822238E+000 7.0856671457E-001 -8.2058574934E-011 -7.4126977939E-011 -7.0856671457E-001 4.3640822238E+000
58.00 4.3253936287E+000 1.3717231058E+000 -8.7301002638E-012 -5.9834991509E-011 1.3717231058E+000 4.3253936287E+000 2.8535615758E-011 5.3596962050E-011 -2.9283842758E-011 -4.2826287397E-011 4.0661812655E+000 5.4182624539E-001 -7.7828140719E-011 -7.1492285531E-011 -5.4182624539E-001 4.0661812655E+000
59.00 4.0703465616E+000 1.3551530671E+000 -1.3287953217E-011 -5.5343969660E-011 1.3551530671E+000 4.0703465616E+000 3.2959971835E-011 5.0498273108E-011 -3.3229930051E-011 -4.6735330170E-011 3.8190137960E+000 3.8264202907E-001 -7.3575764175E-011 -6.8777473716E-011 -3.8264202907E-001 3.8190137960E+000
60.00 3.8596912543E+000 1.3288002233E+000 -1.7670886456E-011 -5.0858703752E-011 1.3288002233E+000 3.8596912543E+000 3.7167131569E-011 4.7344461929E-011 -3.6957042009E-011 -5.0388826801E-011 3.6163291297E+000 2.3166823399E-001 -6.9310188319E-011 -6.5990280052E-011 -2.3166823399E-001 3.6163291297E+000
61.00 3.6875589031E+000 1.2932803506E+000 -2.1866172376E-011 -4.6389134950E-011 1.2932803506E+000 3.6875589031E+000 4.1143068959E-011 4.4143094390E-011 -4.0456014588E-011 -5.3776315563E-011 3.4521750407E+000 8.9465561863E-002 -6.5040921000E-011 -6.3137959860E-011 -8.9465561863E-002 3.4521750407E+000
62.00 3.5484034262E+000 1.2492827140E+000 -2.5861117397E-011 -4.1944135916E-011 1.2492827140E+000 3.5484034262E+000 4.4876083053E-011 4.0902667706E-011 -4.3718147951E-011 -5.6889632337E-011 3.3209286951E+000 -4.3499171465E-002 -6.0776798620E-011 -6.0228303713E-011 4.3499171465E-002 3.3209286951E+000
63.00 3.4370259810E+000 1.1975584534E+000 -2.9643078866E-011 -3.7532180998E-011 1.1975584534E+000 3.4370259810E+000 4.8356624116E-011 3.7632192403E-011 -4.6735246478E-011 -5.9722563183E-011 3.2173221158E+000 -1.6685247369E-001 -5.6526426725E-011 -5.7269572150E-011 1.6685247369E-001 3.2173221158E+000
64.00 3.3485942721E+000 1.1389086539E+000 -3.3201502829E-011 -3.3161877641E-011 1.1389086539E+000 3.3485942721E+000 5.1575627230E-011 3.4340515827E-011 -4.9501110868E-011 -6.2269762242E-011 3.1364622543E+000 -2.8031269160E-001 -5.2298468944E-011 -5.4270000683E-011 2.8031269160E-001 3.1364622543E+000
65.00 3.2786567840E+000 1.0741722925E+000 -3.6527552570E-011 -2.8842043773E-011 1.0741722925E+000 3.2786567840E+000 5.4524734410E-011 3.1035802345E-011 -5.2011152943E-011 -6.4526885267E-011 3.0738457936E+000 -3.8368767284E-001 -4.8101632156E-011 -5.1237195749E-011 3.8368767284E-001 3.0738457936E+000
66.00 3.2231521206E+000 1.0042142477E+000 -3.9612580140E-011 -2.4581039596E-011 1.0042142477E+000 3.2231521206E+000 5.7197909166E-011 2.7726814984E-011 -5.4261325978E-011 -6.6491629981E-011 3.0253688647E+000 -4.7687164918E-001 -4.3944321007E-011 -4.8179363398E-011 4.7687164918E-001 3.0253688647E+000
67.00 3.1784136775E+000 9.2991354736E-001 -4.2449961659E-011 -2.0387371643E-011 9.2991354736E-001 3.1784136775E+000 5.9589611680E-011 2.4421748994E-011 -5.6249340821E-011 -6.8162513514E-011 2.9873319000E+000 -5.5984142266E-001 -3.9834986901E-011 -4.5104165577E-011 5.5984142266E-001 2.9873319000E+000
68.00 3.1411699066E+000 8.5215202222E-001 -4.5034248719E-011 -1.6268490089E-011 8.5215202222E-001 3.1411699066E+000 6.1695814503E-011 2.1129711351E-011 -5.7974227107E-011 -6.9539399540E-011 2.9564398921E+000 -6.3265194021E-001 -3.5781321073E-011 -4.2019956681E-011 6.3265194021E-001 2.9564398921E+000
69.00 3.1085404689E+000 7.7180351446E-001 -4.7360213973E-011 -1.2232342371E-011 7.7180351446E-001 3.1085404689E+000 6.3514646721E-011 1.7858715722E-011 -5.9435313832E-011 -7.0624134811E-011 2.9297983592E+000 -6.9543134553E-001 -3.1791038050E-011 -3.8934332158E-011 6.9543134553E-001 2.9297983592E+000
70.00 3.0780285934E+000 6.8972377817E-001 -4.9425305701E-011 -8.2868859293E-012 6.8972377817E-001 3.0780285934E+000 6.5044239981E-011 1.4616539885E-011 -6.0634088346E-011 -7.1418917917E-011 2.9049053505E+000 -7.4837559837E-001 -2.7872067876E-011 -3.5854512570E-011 7.4837559837E-001 2.9049053505E+000
71.00 3.0475099843E+000 6.0674118960E-001 -5.1227082079E-011 -4.4382362460E-012 6.0674118960E-001 3.0475099843E+000 6.6285078732E-011 1.1412276489E-011 -6.1572584172E-011 -7.1927636291E-011 2.8796398469E+000 -7.9174275210E-001 -2.4030614386E-011 -3.2788847569E-011 7.9174275210E-001 2.8796398469E+000
72.00 3.0152186339E+000 5.2364836696E-001 -5.2765241192E-011 -6.9392786564E-013 5.2364836696E-001 3.0152186339E+000 6.7238050212E-011 8.2530487458E-012 -6.2254281770E-011 -7.2155006490E-011 2.8522469328E+000 -8.2584697876E-001 -2.0274033632E-011 -2.9743958594E-011 8.2584697876E-001 2.8522469328E+000
73.00 2.9797299087E+000 4.4119478038E-001 -5.4040457210E-011 2.9390868858E-012 4.4119478038E-001 2.9797299087E+000 6.7905265798E-011 5.1462500562E-012 -6.2683476931E-011 -7.2106665339E-011 2.8213201267E+000 -8.5105242936E-001 -1.6609153440E-011 -2.6726594197E-011 8.5105242936E-001 2.8213201267E+000
74.00 2.9399412825E+000 3.6008041236E-001 -5.5053700226E-011 6.4552406753E-012 3.6008041236E-001 2.9399412825E+000 6.8291315162E-011 2.0997281436E-012 -6.2865019575E-011 -7.1790227545E-011 2.7857812642E+000 -8.6776701313E-001 -1.3041308433E-011 -2.3744097896E-011 8.6776701313E-001 2.7857812642E+000
75.00 2.8950510933E+000 2.8095050953E-001 -5.5808247053E-011 9.8487166699E-012 2.8095050953E-001 2.8950510933E+000 6.8400553308E-011 -8.7927417817E-013 -6.2805409889E-011 -7.1213136406E-011 2.7448583340E+000 -8.7643617572E-001 -9.5762183572E-012 -2.0802976455E-011 8.7643617572E-001 2.7448583340E+000
76.00 2.8445356954E+000 2.0439144626E-001 -5.6308261398E-011 1.3113315935E-011 2.0439144626E-001 2.8445356954E+000 6.8238578890E-011 -3.7847167049E-012 -6.2511599660E-011 -7.0384055255E-011 2.6980616580E+000 -8.7753675063E-001 -6.2197863459E-012 -1.7908628451E-011 8.7753675063E-001 2.6980616580E+000
77.00 2.7881253732E+000 1.3092770181E-001 -5.6558267079E-011 1.6245118467E-011 1.3092770181E-001 2.7881253732E+000 6.7813058238E-011 -6.6090146500E-012 -6.1991237852E-011 -6.9312845652E-011 2.6451588059E+000 -8.7157095245E-001 -2.9756368926E-012 -1.5068042550E-011 8.7157095245E-001 2.6451588059E+000
78.00 2.7257793720E+000 6.1019934208E-002 -5.6564474508E-011 1.9238792448E-011 6.1019934208E-002 2.7257793720E+000 6.7131697438E-011 -9.3466714014E-012 -6.1252710759E-011 -6.8009737636E-011 2.5861486197E+000 -8.5906057382E-001 1.5128597600E-013 -1.2286057362E-011 8.5906057382E-001 2.5861486197E+000
79.00 2.6576603869E+000 -4.9358834736E-003 -5.6333968274E-011 2.2090683988E-011 -4.9358834736E-003 2.6576603869E+000 6.6203502084E-011 -1.1991311558E-011 -6.0305344928E-011 -6.6485583444E-011 2.5212347086E+000 -8.4054144066E-001 3.1576618022E-012 -9.5683639990E-012 8.4054144066E-001 2.5212347086E+000
80.00 2.5841088349E+000 -6.6608314299E-002 -5.5875042315E-011 2.4795842070E-011 -6.6608314299E-002 2.5841088349E+000 6.5037934479E-011 -1.4538566467E-011 -5.9158775950E-011 -6.4751919783E-011 2.4507987582E+000 -8.1655817300E-001 6.0389222496E-012 -6.9185935592E-012 8.1655817300E-001 2.4507987582E+000
81.00 2.5056172150E+000 -1.2372936065E-001 -5.5196011172E-011 2.7352157710E-011 -1.2372936065E-001 2.5056172150E+000 6.3646279679E-011 -1.6982331556E-011 -5.7823092820E-011 -6.2821085462E-011 2.3753739737E+000 -7.8765929075E-001 8.7935323665E-012 -4.3423285855E-012 7.8765929075E-001 2.3753739737E+000
82.00 2.4228048417E+000 -1.7609249636E-001 -5.4307100101E-011 2.9756427597E-011 -1.7609249636E-001 2.4228048417E+000 6.2039414347E-011 -1.9318118400E-011 -5.6309415921E-011 -6.0705111242E-011 2.2956189566E+000 -7.5439269597E-001 1.1418632435E-011 -1.8432263521E-012 7.5439269597E-001 2.2956189566E+000
83.00 2.3363932111E+000 -2.2354991555E-001 -5.3218252860E-011 3.2006339724E-011 -2.2354991555E-001 2.3363932111E+000 6.0229886515E-011 -2.1541663338E-011 -5.4628365325E-011 -5.8417313802E-011 2.2122922842E+000 -7.1730155522E-001 1.3912603970E-011 5.7494726244E-013 7.1730155522E-001 2.2122922842E+000
84.00 2.2471822367E+000 -2.6600909456E-001 -5.1940633364E-011 3.4099136766E-011 -2.6600909456E-001 2.2471822367E+000 5.8230412963E-011 -2.3649908696E-011 -5.2791093964E-011 -5.5971133047E-011 2.1262280382E+000 -6.7692059811E-001 1.6273186181E-011 2.9098296395E-012 6.7692059811E-001 2.1262280382E+000
85.00 2.1560275665E+000 -3.0342877004E-001 -5.0485808574E-011 3.6034175215E-011 -3.0342877004E-001 2.1560275665E+000 5.6054423138E-011 -2.5638536309E-011 -5.0809347967E-011 -5.3379846810E-011 2.0383124971E+000 -6.3377284021E-001 1.8500411906E-011 5.1576431352E-012 6.3377284021E-001 2.0383124971E+000
86.00 2.0638191635E+000 -3.3581444094E-001 -4.8866535895E-011 3.7810259257E-011 -3.3581444094E-001 2.0638191635E+000 5.3715293191E-011 -2.7504750641E-011 -4.8695411545E-011 -5.0656662286E-011 1.9494621796E+000 -5.8836673193E-001 2.0593518275E-011 7.3163284188E-012 5.8836673193E-001 1.9494621796E+000
87.00 1.9714613107E+000 -3.6321350435E-001 -4.7095068903E-011 3.9426740312E-011 -3.6321350435E-001 1.9714613107E+000 5.1227642542E-011 -2.9246264790E-011 -4.6460658261E-011 -4.7815841861E-011 1.8606033965E+000 -5.4119372767E-001 2.2552596676E-011 9.3840102277E-012 5.4119372767E-001 1.8606033965E+000
88.00 1.8798541688E+000 -3.8571013600E-001 -4.5185002547E-011 4.0883059644E-011 -3.8571013600E-001 1.8798541688E+000 4.8605533247E-011 -3.0861248699E-011 -4.4117479248E-011 -4.4870690465E-011 1.7726534393E+000 -4.9272626388E-001 2.4377496465E-011 1.1359619657E-011 4.9272626388E-001 1.7726534393E+000
89.00 1.7898769940E+000 -4.0342002431E-001 -4.3149063877E-011 4.2180293185E-011 -4.0342002431E-001 1.7898769940E+000 4.5864490880E-011 -3.2347346715E-011 -4.1677257384E-011 -4.1835567456E-011 1.6865035056E+000 -4.4341612873E-001 2.6070269467E-011 1.3240904250E-011 4.4341612873E-001 1.6865035056E+000
90.00 1.7023730939E+000 -4.1648506395E-001 -4.1001513701E-011 4.3318896797E-011 -4.1648506395E-001 1.7023730939E+000 4.3018952509E-011 -3.3703732961E-011 -3.9152472285E-011 -3.8723614341E-011 1.6030034327E+000 -3.9369320142E-001 2.7631731738E-011 1.5027685194E-011 3.9369320142E-001 1.6030034327E+000
91.00 1.6181365756E+000 -4.2506810949E-001 -3.8756190774E-011 4.4299545683E-011 -4.2506810949E-001 1.6181365756E+000 4.0083981151E-011 -3.4930259932E-011 -3.6554770857E-011 -3.5548503429E-011 1.5229482849E+000 -3.4396453464E-001 2.9062990050E-011 1.6720319967E-011 3.4396453464E-001 1.5229482849E+000
92.00 1.5379009177E+000 -4.2934788335E-001 -3.6426813180E-011 4.5124634725E-011 -4.2934788335E-001 1.5379009177E+000 3.7075019272E-011 -3.6025659886E-011 -3.3895723204E-011 -3.2323686934E-011 1.4470668146E+000 -2.9461375052E-001 3.0367312521E-011 1.8317555271E-011 2.9461375052E-001 1.4470668146E+000
93.00 1.4623293718E+000 -4.2951412426E-001 -3.4027733385E-011 4.5795962770E-011 -4.2951412426E-001 1.4623293718E+000 3.4006861798E-011 -3.6990374014E-011 -3.1187140886E-011 -2.9061977932E-011 1.3760117935E+000 -2.4600071746E-001 3.1546847594E-011 1.9820200858E-011 2.4600071746E-001 1.3760117935E+000
94.00 1.3920071808E+000 -4.2576305322E-001 -3.1572780418E-011 4.6315934725E-011 -4.2576305322E-001 1.3920071808E+000 3.0894583918E-011 -3.7825009012E-011 -2.8440063841E-011 -2.5776349962E-011 1.3103521883E+000 -1.9846147315E-001 3.2604490464E-011 2.1228993424E-011 1.9846147315E-001 1.3103521883E+000
95.00 1.3274355796E+000 -4.1829322400E-001 -2.9075815869E-011 4.6687015351E-011 -4.1829322400E-001 1.3274355796E+000 2.7753037104E-011 -3.8530789001E-011 -2.5665352495E-011 -2.2479399187E-011 1.2505671356E+000 -1.5230835820E-001 3.3543012951E-011 2.2545353123E-011 1.5230835820E-001 1.2505671356E+000
96.00 1.2690275271E+000 -4.0730181431E-001 -2.6550715358E-011 4.6912853242E-011 -4.0730181431E-001 1.2690275271E+000 2.4596623800E-011 -3.9108611891E-011 -2.2873969996E-011 -1.9182931407E-011 1.1970416525E+000 -1.0783032386E-001 3.4366545125E-011 2.3770027577E-011 1.0783032386E-001 1.1970416525E+000
97.00 1.2171050989E+000 -3.9298140245E-001 -2.4010901902E-011 4.6996700474E-011 -3.9298140245E-001 1.2171050989E+000 2.1439652493E-011 -3.9560505436E-011 -2.0076101397E-011 -1.5898772559E-011 1.1500640043E+000 -6.5293377971E-002 3.5078521060E-011 2.4905030456E-011 6.5293377971E-002 1.1500640043E+000
98.00 1.1718984592E+000 -3.7551726262E-001 -2.1469666872E-011 4.6942921302E-011 -3.7551726262E-001 1.1718984592E+000 1.8295913153E-011 -3.9887960576E-011 -1.7281857441E-011 -1.2638015017E-011 1.1098246366E+000 -2.4941133720E-002 3.5683736830E-011 2.5951447518E-011 2.4941133720E-002 1.1098246366E+000
99.00 1.1335463146E+000 -3.5508520028E-001 -1.8939578768E-011 4.6755030793E-011 -3.5508520028E-001 1.1335463146E+000 1.5179107359E-011 -4.0094247851E-011 -1.4500367815E-011 -9.4118501949E-012 1.0764165685E+000 1.3004572293E-002 3.6185516869E-011 2.6912503344E-011 -1.3004572293E-002 1.0764165685E+000
100.00 1.1020977419E+000 -3.3184993741E-001 -1.6433399467E-011 4.6438023620E-011 -3.3184993741E-001 1.1020977419E+000 1.2101964326E-011 -4.0181519550E-011 -1.1741200131E-011 -6.2301904368E-012 1.0498371320E+000 4.8343024370E-002 3.6589114802E-011 2.7789732416E-011 -4.8343024370E-002 1.0498371320E+000
101.00 1.0775152744E+000 -3.0596404629E-001 -1.3962992414E-011 4.5996614781E-011 -3.0596404629E-001 1.0775152744E+000 9.0768737424E-012 -4.0152883130E-011 -9.0129149992E-012 -3.1028273970E-012 1.0299909396E+000 8.0893963401E-002 3.6899166157E-011 2.8585721858E-011 -8.0893963401E-002 1.0299909396E+000
102.00 1.0596791217E+000 -2.7756741962E-001 -1.1539830053E-011 4.5435716434E-011 -2.7756741962E-001 1.0596791217E+000 6.1157750225E-012 -4.0011876890E-011 -6.3237236855E-012 -3.9089064930E-014 1.0166939534E+000 1.1049693985E-001 3.7120353330E-011 2.9303405528E-011 -1.1049693985E-001 1.0166939534E+000
103.00 1.0483923931E+000 -2.4678725466E-001 -9.1748374493E-012 4.4760542687E-011 -2.4678725466E-001 1.0483923931E+000 3.2298128858E-012 -3.9762171928E-011 -3.6814305863E-012 2.9524257569E-012 1.0096785266E+000 1.3701070662E-001 3.7257611833E-011 2.9945683105E-011 -1.3701070662E-001 1.0096785266E+000
104.00 1.0433871918E+000 -2.1373852013E-001 -6.8781528392E-012 4.3976498418E-011 -2.1373852013E-001 1.0433871918E+000 4.2969844918E-013 -3.9407703559E-011 -1.0931184212E-012 5.8634054675E-012 1.0085992885E+000 1.6031267065E-001 3.7315921312E-011 3.0515630560E-011 -1.6031267065E-001 1.0085992885E+000
105.00 1.0443314443E+000 -1.7852486597E-001 -4.6597643563E-012 4.3089398879E-011 -1.7852486597E-001 1.0443314443E+000 -2.2750068258E-012 -3.8952487234E-011 1.4340690860E-012 8.6866360432E-012 1.0130397417E+000 1.8029841810E-001 3.7300675048E-011 3.1016148787E-011 -1.8029841810E-001 1.0130397417E+000
106.00 1.0508363275E+000 -1.4123992934E-001 -2.5282292228E-012 4.2105011271E-011 -1.4123992934E-001 1.0508363275E+000 -4.8748082722E-012 -3.8400897610E-011 3.8943429719E-012 1.1414688255E-011 1.0225194442E+000 1.9688132408E-001 3.7216907867E-011 3.1450561302E-011 -1.9688132408E-001 1.0225194442E+000
107.00 1.0624641605E+000 -1.0196898383E-001 -4.9226807425E-013 4.1029511247E-011 -1.0196898383E-001 1.0624641605E+000 -7.3617194676E-012 -3.7757320894E-011 6.2814714757E-012 1.4041569191E-011 1.0365016508E+000 2.0999225362E-001 3.7070128348E-011 3.1821890388E-011 -2.0999225362E-001 1.0365016508E+000
108.00 1.0787366260E+000 -6.0790874283E-002 1.4408244745E-012 3.9868260138E-011 -6.0790874283E-002 1.0787366260E+000 -9.7280035297E-012 -3.7027100552E-011 8.5903005073E-012 1.6561405346E-011 1.0544012918E+000 2.1957935657E-001 3.6864702516E-011 3.2134179525E-011 -2.1957935657E-001 1.0544012918E+000
109.00 1.0991431941E+000 -1.7780176169E-002 3.2641448576E-012 3.8628131553E-011 -1.7780176169E-002 1.0991431941E+000 -1.1966965164E-011 -3.6214413006E-011 1.0816093331E-011 1.8968896662E-011 1.0755931746E+000 2.2560795504E-001 3.6606547427E-011 3.2390012729E-011 -2.2560795504E-001 1.0755931746E+000
110.00 1.1231496238E+000 2.6990483986E-002 4.9717756203E-012 3.7315129141E-011 2.6990483986E-002 1.1231496238E+000 -1.4072495059E-011 -3.5324515702E-011 1.2954620639E-011 2.1259291765E-011 1.0994202979E+000 2.2806051825E-001 3.6300459083E-011 3.2593053714E-011 -2.2806051825E-001 1.0994202979E+000
111.00 1.1502064237E+000 7.3448011449E-002 6.5584453232E-012 3.5935572795E-011 7.3448011449E-002 1.1502064237E+000 -1.6039595634E-011 -3.4362497989E-011 1.5002059155E-011 2.3428639586E-011 1.1252021745E+000 2.2693671609E-001 3.5951464270E-011 3.2746598422E-011 -2.2693671609E-001 1.1252021745E+000
112.00 1.1797571614E+000 1.2151639353E-001 8.0196797353E-012 3.4495864478E-011 1.2151639353E-001 1.1797571614E+000 -1.7863941981E-011 -3.3333408325E-011 1.6955082949E-011 2.5473370980E-011 1.1522430691E+000 2.2225353917E-001 3.5564519872E-011 3.2853826062E-011 -2.2225353917E-001 1.1522430691E+000
113.00 1.2112465189E+000 1.7111427996E-001 9.3515406325E-012 3.3001966524E-011 1.7111427996E-001 1.2112465189E+000 -1.9542425055E-011 -3.2242905248E-011 1.8810554540E-011 2.7390904966E-011 1.1798400609E+000 2.1404547060E-001 3.5144106359E-011 3.2918288355E-011 -2.1404547060E-001 1.1798400609E+000
114.00 1.2441279976E+000 2.2215265353E-001 1.0551395567E-011 3.1460893997E-011 2.2215265353E-001 1.2441279976E+000 -2.1072124612E-011 -3.1095608755E-011 2.0566409792E-011 2.9178443989E-011 1.2072908533E+000 2.0236469176E-001 3.4695397349E-011 3.2942643113E-011 -2.0236469176E-001 1.2072908533E+000
115.00 1.2778711892E+000 2.7453264758E-001 1.1617299580E-011 2.9878075324E-011 2.7453264758E-001 1.2778711892E+000 -2.2451208550E-011 -2.9897584040E-011 2.2220707123E-011 3.0834205243E-011 1.2339012583E+000 1.8728130257E-001 3.4222083242E-011 3.2930591487E-011 -1.8728130257E-001 1.2339012583E+000
116.00 1.3119685349E+000 3.2814356262E-001 1.2547725074E-011 2.8260230244E-011 3.2814356262E-001 1.3119685349E+000 -2.3678843055E-011 -2.8653655118E-011 2.3771813434E-011 3.2356857555E-011 1.2589922917E+000 1.6888353503E-001 3.3728862151E-011 3.2884685907E-011 -1.6888353503E-001 1.2589922917E+000
117.00 1.3459415082E+000 3.8286112868E-001 1.3342112076E-011 2.6613591496E-011 3.8286112868E-001 1.3459415082E+000 -2.4755034383E-011 -2.7369132442E-011 2.5218677392E-011 3.3745722180E-011 1.2819068253E+000 1.4727793763E-001 3.3219855592E-011 3.2807814015E-011 -1.4727793763E-001 1.2819068253E+000
118.00 1.3793461636E+000 4.3854605461E-001 1.4001348905E-011 2.4943830604E-011 4.3854605461E-001 1.3793461636E+000 -2.5679673740E-011 -2.6049577382E-011 2.6561064221E-011 3.4999912053E-011 1.3020157486E+000 1.2258950773E-001 3.2698535860E-011 3.2702969361E-011 -1.2258950773E-001 1.3020157486E+000
119.00 1.4117780065E+000 4.9504289846E-001 1.4525761932E-011 2.3257552445E-011 4.9504289846E-001 1.4117780065E+000 -2.6454760448E-011 -2.4699622256E-011 2.7798261100E-011 3.6119962054E-011 1.3187236005E+000 9.4961748969E-002 3.2169062653E-011 3.2572295556E-011 -9.4961748969E-002 1.3187236005E+000
120.00 1.4428761488E+000 5.5217928672E-001 1.4917164916E-011 2.1559512159E-011 5.5217928672E-001 1.4428761488E+000 -2.7082358693E-011 -2.3325409869E-011 2.8930444769E-011 3.7106475857E-011 1.3314736413E+000 6.4556631069E-002 3.1634018656E-011 3.2418910293E-011 -6.4556631069E-002 1.3314736413E+000
121.00 1.4723267233E+000 6.0976550244E-001 1.5177838865E-011 1.9856283458E-011 6.0976550244E-001 1.4723267233E+000 -2.7565337533E-011 -2.1931164807E-011 2.9958061431E-011 3.7960421657E-011 1.3397523391E+000 3.1554430530E-002 3.1097161546E-011 3.2244539479E-011 -3.1554430530E-002 1.3397523391E+000
122.00 1.4998655426E+000 6.6759445548E-001 1.5311197693E-011 1.8152674469E-011 6.6759445548E-001 1.4998655426E+000 -2.7906822234E-011 -2.0522505627E-011 3.0882161811E-011 3.8682989816E-011 1.3430932555E+000 -3.8465679198E-003 3.0560850542E-011 3.2051698896E-011 3.8465679198E-003 1.3430932555E+000
123.00 1.5252799955E+000 7.2544204036E-001 1.5320042234E-011 1.6454936626E-011 7.2544204036E-001 1.5252799955E+000 -2.8111770450E-011 -1.9103472864E-011 3.1703340972E-011 3.9276468365E-011 1.3410803190E+000 -4.1430527302E-002 3.0028279110E-011 3.1841860620E-011 4.1430527302E-002 1.3410803190E+000
124.00 1.5484101844E+000 7.8306788020E-001 1.5209897158E-011 1.4767565245E-011 7.8306788020E-001 1.5484101844E+000 -2.8183748175E-011 -1.7679409313E-011 3.2423869073E-011 3.9742374123E-011 1.3333504841E+000 -8.0964687626E-002 2.9501331344E-011 3.1617127571E-011 8.0964687626E-002 1.3333504841E+000
125.00 1.5691493159E+000 8.4021644819E-001 1.4984657661E-011 1.3095435875E-011 8.4021644819E-001 1.5691493159E+000 -2.8128914763E-011 -1.6255012572E-011 3.3044920195E-011 4.0083704241E-011 1.3195957757E+000 -1.2220018148E-001 2.8981995184E-011 3.1379138346E-011 1.2220018148E-001 1.3195957757E+000
126.00 1.5874433635E+000 8.9661855150E-001 1.4649620157E-011 1.1443905855E-011 8.9661855150E-001 1.5874433635E+000 -2.7953130916E-011 -1.4834209717E-011 3.3568476438E-011 4.0303334182E-011 1.2995647288E+000 -1.6487304598E-001 2.8472392465E-011 3.1129053162E-011 1.6487304598E-001 1.2995647288E+000
127.00 1.6032900322E+000 9.5199315606E-001 1.4211924560E-011 9.8172004160E-012 9.5199315606E-001 1.6032900322E+000 -2.7661407685E-011 -1.3421584999E-011 3.3997527590E-011 4.0403779508E-011 1.2730632343E+000 -2.0870543776E-001 2.7973901495E-011 3.0868136385E-011 2.0870543776E-001 1.2730632343E+000
128.00 1.6167370578E+000 1.0060495255E+000 1.3675865668E-011 8.2195239814E-012 1.0060495255E+000 1.6167370578E+000 -2.7262407762E-011 -1.2021459469E-011 3.4333560999E-011 4.0389433426E-011 1.2399548103E+000 -2.5340705400E-001 2.7487581707E-011 3.0597691334E-011 2.5340705400E-001 1.2399548103E+000
129.00 1.6278798844E+000 1.0584896418E+000 1.3049008722E-011 6.6546296548E-012 1.0584896418E+000 1.6278798844E+000 -2.6762337655E-011 -1.0638116947E-011 3.4579829116E-011 4.0263491768E-011 1.2001603185E+000 -2.9867675893E-001 2.7014278956E-011 3.0318618114E-011 2.9867675893E-001 1.2001603185E+000
130.00 1.6368587654E+000 1.1090108719E+000 1.2338559864E-011 5.1275989206E-012 1.1090108719E+000 1.6368587654E+000 -2.6168446202E-011 -9.2741344226E-012 3.4739207618E-011 4.0029950957E-011 1.1536571533E+000 -3.4420441111E-001 2.6555254786E-011 3.0031016379E-011 3.4420441111E-001 1.1536571533E+000
131.00 1.6438553420E+000 1.1573088397E+000 1.1551467049E-011 3.6407246208E-012 1.1573088397E+000 1.6438553420E+000 -2.5488851449E-011 -7.9345598205E-012 3.4814776568E-011 3.9692960042E-011 1.1004779321E+000 -3.8967288333E-001 2.6110414726E-011 2.9736154236E-011 3.8967288333E-001 1.1004779321E+000
132.00 1.6490887540E+000 1.2030804608E+000 1.0695562235E-011 2.1980350747E-012 1.2030804608E+000 1.6490887540E+000 -2.4731256421E-011 -6.6220673982E-012 3.4809843416E-011 3.9256871241E-011 1.0407087188E+000 -4.3476026262E-001 2.5680164873E-011 2.9433901168E-011 4.3476026262E-001 1.0407087188E+000
133.00 1.6528113442E+000 1.2460270943E+000 9.7783711773E-012 8.0280110957E-013 1.2460270943E+000 1.6528113442E+000 -2.3904058504E-011 -5.3398733726E-012 3.4727607853E-011 3.8726241610E-011 9.7448681766E-001 -4.7914221473E-001 2.5264547633E-011 2.9124552410E-011 4.7914221473E-001 9.7448681766E-001
134.00 1.6553040195E+000 1.2858577674E+000 8.8075233845E-012 -5.4234481103E-013 1.2858577674E+000 1.6553040195E+000 -2.3015941102E-011 -4.0912394636E-012 3.4571599136E-011 3.8105897929E-011 9.0199817273E-001 -5.2249449321E-001 2.4863106540E-011 2.8808249787E-011 5.2249449321E-001 9.0199817273E-001
135.00 1.6568713329E+000 1.3222924229E+000 7.7921246828E-012 -1.8348493934E-012 1.3222924229E+000 1.6568713329E+000 -2.2074238262E-011 -2.8791608312E-012 3.4345706954E-011 3.7400227613E-011 8.2347441549E-001 -5.6449557065E-001 2.4475541994E-011 2.8484739758E-011 5.6449557065E-001 8.2347441549E-001
136.00 1.6578363534E+000 1.3550651452E+000 6.7385394544E-012 -3.0723419795E-012 1.3550651452E+000 1.6578363534E+000 -2.1089217265E-011 -1.7063361187E-012 3.4053165919E-011 3.6614679117E-011 7.3918960038E-001 -6.0482936588E-001 2.4100868189E-011 2.8154124003E-011 6.0482936588E-001 7.3918960038E-001
137.00 1.6585353912E+000 1.3839273181E+000 5.6562735612E-012 -4.2520450497E-012 1.3839273181E+000 1.6585353912E+000 -2.0067974043E-011 -5.7466517383E-013 3.3697912695E-011 3.5753909218E-011 6.4945667219E-001 -6.4318803879E-001 2.3738645964E-011 2.7815663076E-011 6.4318803879E-001 6.4945667219E-001
138.00 1.6593126449E+000 1.4086506703E+000 4.5528617026E-012 -5.3728598577E-012 1.4086506703E+000 1.6593126449E+000 -1.9019541288E-011 5.1278845425E-013 3.3283797713E-011 3.4823007564E-011 5.5462370928E-001 -6.7927482184E-001 2.3387481357E-011 2.7469134474E-011 6.7927482184E-001 5.5462370928E-001
139.00 1.6605148368E+000 1.4290301664E+000 3.4361529982E-012 -6.4327617738E-012 1.4290301664E+000 1.6605148368E+000 -1.7952503792E-011 1.5542444886E-012 3.2814535975E-011 3.3827149484E-011 4.5506998724E-001 -7.1280685561E-001 2.3046273923E-011 2.7113999477E-011 7.1280685561E-001 4.5506998724E-001
140.00 1.6624859024E+000 1.4448867040E+000 2.3141076038E-012 -7.4304654544E-012 1.4448867040E+000 1.6624859024E+000 -1.6875046928E-011 2.5476560691E-012 3.2294017868E-011 3.2771389984E-011 3.5120190811E-001 -7.4351799430E-001 2.2713615054E-011 2.6749556012E-011 7.4351799430E-001 3.5120190811E-001
141.00 1.6655617955E+000 1.4560695817E+000 1.1948987585E-012 -8.3642546911E-012 1.4560695817E+000 1.6655617955E+000 -1.5794863584E-011 3.4917597207E-012 3.1725935152E-011 3.1660861404E-011 2.4344884004E-001 -7.7116154624E-001 2.2388248099E-011 2.6374988746E-011 7.7116154624E-001 2.4344884004E-001
142.00 1.6700654707E+000 1.4624587038E+000 8.5576104853E-014 -9.2336297275E-012 1.4624587038E+000 1.6700654707E+000 -1.4720353865E-011 4.3845464061E-012 3.1114174161E-011 3.0500634245E-011 1.3225891194E-001 -7.9551291402E-001 2.2068404170E-011 2.5989679315E-011 7.9551291402E-001 1.3225891194E-001
143.00 1.6763020990E+000 1.4639664958E+000 -1.0063062362E-012 -1.0037064148E-011 1.4639664958E+000 1.6763020990E+000 -1.3658930948E-011 5.2254085273E-012 3.0462312494E-011 2.9295935588E-011 1.8094806710E-002 -8.1637209925E-001 2.1752500336E-011 2.5592731221E-011 8.1637209925E-001 1.8094806710E-002
144.00 1.6845545720E+000 1.4605395040E+000 -2.0735593873E-012 -1.0775275891E-011 1.4605395040E+000 1.6845545720E+000 -1.2617833650E-011 6.0118329612E-012 2.9774276130E-011 2.8051344902E-011 -9.8570404453E-002 -8.3356603724E-001 2.1438832915E-011 2.5183303349E-011 8.3356603724E-001 -9.8570404453E-002
145.00 1.6950793416E+000 1.4521596618E+000 -3.1098652754E-012 -1.1446560231E-011 1.4521596618E+000 1.6950793416E+000 -1.1604540308E-011 6.7441966990E-012 2.9053415456E-011 2.6772215040E-011 -2.1725734577E-001 -8.4695072860E-001 2.1125484953E-011 2.4760656447E-011 8.4695072860E-001 -2.1725734577E-001
146.00 1.7081026427E+000 1.4388452057E+000 -4.1086755103E-012 -1.2052031811E-011 1.4388452057E+000 1.7081026427E+000 -1.0625654986E-011 7.4203369579E-012 2.8303525271E-011 2.5462915908E-011 -3.3748429963E-001 -8.5641313606E-001 2.0810783825E-011 2.4323886179E-011 8.5641313606E-001 -3.3748429963E-001
147.00 1.7238171359E+000 1.4206512322E+000 -5.0635235298E-012 -1.2590366348E-011 1.4206512322E+000 1.7238171359E+000 -9.6870524711E-012 8.0409506165E-012 2.7527669162E-011 2.4128635310E-011 -4.5877101173E-001 -8.6187281735E-001 2.0492850775E-011 2.3872112129E-011 8.6187281735E-001 -4.5877101173E-001
148.00 1.7423790072E+000 1.3976698893E+000 -5.9693065173E-012 -1.3063118825E-011 1.3976698893E+000 1.7423790072E+000 -8.7952223351E-012 8.6041291680E-012 2.6729526263E-011 2.2773447353E-011 -5.8064230436E-001 -8.6328326743E-001 2.0169876383E-011 2.3404505210E-011 8.6328326743E-001 -5.8064230436E-001
149.00 1.7639055526E+000 1.3700302009E+000 -6.8204751040E-012 -1.3470130780E-011 1.3700302009E+000 1.7639055526E+000 -7.9553488124E-012 9.1100488976E-012 2.5912092382E-011 2.1401984307E-011 -7.0263146675E-001 -8.6063294669E-001 1.9840102296E-011 2.2920264401E-011 8.6063294669E-001 -7.0263146675E-001
150.00 1.7884732701E+000 1.3378975280E+000 -7.6122957936E-012 -1.3811182849E-011 1.3378975280E+000 1.7884732701E+000 -7.1725235343E-012 9.5592138398E-012 2.5078175790E-011 2.0018688639E-011 -8.2428339438E-001 -8.5394597494E-001 1.9501512167E-011 2.2418827513E-011 8.5394597494E-001 -8.2428339438E-001
151.00 1.8161164782E+000 1.3014726731E+000 -8.3405090243E-012 -1.4088309381E-011 1.3014726731E+000 1.8161164782E+000 -6.4514322460E-012 9.9503007048E-012 2.4231083831E-011 1.8627323077E-011 -9.4515745271E-001 -8.4328247519E-001 1.9152794989E-011 2.1899377265E-011 8.4328247519E-001 -9.4515745271E-001
152.00 1.8468264705E+000 1.2609906407E+000 -9.0012002010E-012 -1.4301423852E-011 1.2609906407E+000 1.8468264705E+000 -5.7960543677E-012 1.0284200132E-011 2.3373217845E-011 1.7231997581E-011 -1.0648300445E+000 -8.2873855488E-001 1.8791957995E-011 2.1361412558E-011 8.2873855488E-001 -1.0648300445E+000
153.00 1.8805512122E+000 1.2167190665E+000 -9.5908102171E-012 -1.4451812395E-011 1.2167190665E+000 1.8805512122E+000 -5.2098058245E-012 1.0560870134E-011 2.2507147768E-011 1.5836434944E-011 -1.1828968639E+000 -8.1044591706E-001 1.8417632189E-011 2.0804416285E-011 8.1044591706E-001 -1.1828968639E+000
154.00 1.9171955778E+000 1.1689563357E+000 -1.0106524029E-011 -1.4540813433E-011 1.1689563357E+000 1.9171955778E+000 -4.6958114010E-012 1.0780345221E-011 2.1635246555E-011 1.4444007036E-011 -1.2989748236E+000 -7.8857109792E-001 1.8028375535E-011 2.0227859086E-011 7.8857109792E-001 -1.2989748236E+000
155.00 1.9566221218E+000 1.1180294102E+000 -1.0546562596E-011 -1.4569331021E-011 1.1180294102E+000 1.9566221218E+000 -4.2571506532E-012 1.0943472600E-011 2.0759895969E-011 1.3057907905E-011 -1.4127036475E+000 -7.6331433218E-001 1.7622573219E-011 1.9631784023E-011 7.6331433218E-001 -1.4127036475E+000
156.00 1.9986523715E+000 1.0642913891E+000 -1.0908496022E-011 -1.4539170723E-011 1.0642913891E+000 1.9986523715E+000 -3.8952080531E-012 1.1050333793E-011 1.9882934484E-011 1.1681322631E-011 -1.5237471234E+000 -7.3490805208E-001 1.7199306954E-011 1.9015617185E-011 7.3490805208E-001 -1.5237471234E+000
157.00 2.0430686213E+000 1.0081188281E+000 -1.1190956570E-011 -1.4451512116E-011 1.0081188281E+000 2.0430686213E+000 -3.6114921995E-012 1.1101954424E-011 1.9005976834E-011 1.0317114910E-011 -1.6317940154E+000 -7.0361503049E-001 1.6757402583E-011 1.8379537351E-011 7.0361503049E-001 -1.6317940154E+000
158.00 2.0896162055E+000 9.4990884585E-001 -1.1393380463E-011 -1.4307799711E-011 9.4990884585E-001 2.0896162055E+000 -3.4070624111E-012 1.1099205686E-011 1.8130713639E-011 8.9678622368E-012 -1.7365586402E+000 -6.6972618306E-001 1.6295695122E-011 1.7723659151E-011 6.6972618306E-001 -1.7365586402E+000
159.00 2.1380062201E+000 8.9007604662E-001 -1.1515453408E-011 -1.4110057455E-011 8.9007604662E-001 2.1380062201E+000 -3.2822680725E-012 1.1042650238E-011 1.7258562380E-011 7.6358536650E-012 -1.8377811152E+000 -6.3355804872E-001 1.5813574167E-011 1.7048016352E-011 6.3355804872E-001 -1.8377811152E+000
160.00 2.1879186589E+000 8.2904928914E-001 -1.1557373453E-011 -1.3859831328E-011 8.2904928914E-001 2.1879186589E+000 -3.2369571432E-012 1.0933516322E-011 1.6390576907E-011 6.3232288199E-012 -1.9352272902E+000 -5.9544997195E-001 1.5310263086E-011 1.6353097857E-011 5.9544997195E-001 -1.9352272902E+000
161.00 2.2390059262E+000 7.6726833310E-001 -1.1520230458E-011 -1.3559443214E-011 7.6726833310E-001 2.2390059262E+000 -3.2707813916E-012 1.0772454183E-011 1.5528014075E-011 5.0315486912E-012 -2.0286883787E+000 -5.5576101403E-001 1.4785499904E-011 1.5639159704E-011 5.5576101403E-001 -2.0286883787E+000
162.00 2.2908966831E+000 7.0518039440E-001 -1.1404750255E-011 -1.3210467706E-011 7.0518039440E-001 2.2908966831E+000 -3.3820350951E-012 1.0561013933E-011 1.4671171714E-011 3.7628290178E-012 -2.1179803076E+000 -5.1486662418E-001 1.4238819813E-011 1.4906937250E-011 5.1486662418E-001 -2.1179803076E+000
163.00 2.3431999804E+000 6.4323664069E-001 -1.1213236674E-011 -1.2815072614E-011 6.4323664069E-001 2.3431999804E+000 -3.5695735221E-012 1.0300338733E-011 1.3820982966E-011 2.5180327037E-012 -2.2029428089E+000 -4.7315510447E-001 1.3670061892E-011 1.4157179943E-011 4.7315510447E-001 -2.2029428089E+000
164.00 2.3955096301E+000 5.8188865824E-001 -1.0947502997E-011 -1.2375171162E-011 5.8188865824E-001 2.3955096301E+000 -3.8307309908E-012 9.9919237398E-012 1.2977454766E-011 1.2986605917E-012 -2.2834382783E+000 -4.3102390520E-001 1.3079151664E-011 1.3390757182E-011 4.3102390520E-001 -2.2834382783E+000
165.00 2.4474087633E+000 5.2158492075E-001 -1.0610508600E-011 -1.1893361469E-011 5.2158492075E-001 2.4474087633E+000 -4.1632139628E-012 9.6368633478E-012 1.2140941281E-011 1.0525176680E-013 -2.3593504287E+000 -3.8887579009E-001 1.2466584531E-011 1.2608475444E-011 3.8887579009E-001 -2.3593504287E+000
166.00 2.4984745204E+000 4.6276728990E-001 -1.0205480566E-011 -1.1371110520E-011 4.6276728990E-001 2.4984745204E+000 -4.5639425759E-012 9.2374016378E-012 1.1311354083E-011 -1.0614779692E-012 -2.4305827701E+000 -3.4711491179E-001 1.1832083195E-011 1.1812000731E-011 3.4711491179E-001 -2.4305827701E+000
167.00 2.5482828192E+000 4.0586757640E-001 -9.7355969447E-012 -1.0811501032E-011 4.0586757640E-001 2.5482828192E+000 -5.0290332475E-012 8.7944053487E-012 1.0488205448E-011 -2.2009392395E-012 -2.4970569473E+000 -3.0614284038E-001 1.1176852550E-011 1.1001940343E-011 3.0614284038E-001 -2.4970569473E+000
168.00 2.5964131455E+000 3.5130418902E-001 -9.2052463192E-012 -1.0216373657E-011 3.5130418902E-001 2.5964131455E+000 -5.5549317135E-012 8.3100499236E-012 9.6713414857E-012 -3.3132100042E-012 -2.5587109690E+000 -2.6635458770E-001 1.0501098547E-011 1.0180073766E-011 2.6635458770E-001 -2.5587109690E+000
169.00 2.6424533100E+000 2.9947889798E-001 -8.6188513218E-012 -9.5882288537E-012 2.9947889798E-001 2.6424533100E+000 -6.1373768219E-012 7.7860563792E-012 8.8602367889E-012 -4.3984010954E-012 -2.6154973632E+000 -2.2813467121E-001 9.8057370692E-012 9.3478168984E-012 2.2813467121E-001 -2.6154973632E+000
170.00 2.6860041153E+000 2.5077373707E-001 -7.9807378163E-012 -8.9295454432E-012 2.5077373707E-001 2.6860041153E+000 -6.7712169596E-012 7.2242878494E-012 8.0537955762E-012 -5.4563333610E-012 -2.6673812938E+000 -1.9185326040E-001 9.0918049797E-012 8.5066869788E-012 1.9185326040E-001 -2.6673812938E+000
171.00 2.7266838818E+000 2.0554806797E-001 -7.2962354250E-012 -8.2428448850E-012 2.0554806797E-001 2.7266838818E+000 -7.4519345644E-012 6.6265406652E-012 7.2513397635E-012 -6.4879150384E-012 -2.7143386728E+000 -1.5786244853E-001 8.3604123895E-012 7.6582118610E-012 1.5786244853E-001 -2.7143386728E+000
172.00 2.7641327769E+000 1.6413582766E-001 -6.5706035445E-012 -7.5304444875E-012 1.6413582766E-001 2.7641327769E+000 -8.1739285265E-012 5.9951560099E-012 6.4517563774E-012 -7.4934661034E-012 -2.7563543019E+000 -1.2649269083E-001 7.6126165229E-012 6.8043834736E-012 1.2649269083E-001 -2.7563543019E+000
173.00 2.7980168993E+000 1.2684297898E-001 -5.8095421199E-012 -6.7949348847E-012 1.2684297898E-001 2.7980168993E+000 -8.9318540064E-012 5.3321871242E-012 5.6539550896E-012 -8.4740152237E-012 -2.7934200781E+000 -9.8049448922E-002 6.8497846440E-012 5.9469437194E-012 9.8049448922E-002 -2.7934200781E+000
174.00 2.8280320713E+000 9.3945181703E-002 -5.0188266696E-012 -6.0390672373E-012 9.3945181703E-002 2.8280320713E+000 -9.7196420856E-012 4.6396337806E-012 4.8566063088E-012 -9.4302698048E-012 -2.8255332933E+000 -7.2810078702E-002 6.0735214904E-012 5.0875327218E-012 7.2810078702E-002 -2.8255332933E+000
175.00 2.8539072947E+000 6.5685700285E-002 -4.2044670660E-012 -5.2652013626E-012 6.5685700285E-002 2.8539072947E+000 -1.0531379472E-011 3.9200929247E-012 4.0582852350E-012 -1.0363418557E-011 -2.8526950579E+000 -5.1020996635E-002 5.2851190059E-012 4.2283461536E-012 5.1020996635E-002 -2.8526950579E+000
176.00 2.8754078305E+000 4.2273562263E-002 -3.3726066632E-012 -4.4761952631E-012 4.2273562263E-002 2.8754078305E+000 -1.1360958448E-011 3.1755869527E-012 3.2574709229E-012 -1.1274767221E-011 -2.8749088762E+000 -3.2895156015E-002 4.4863944648E-012 3.3709651170E-012 3.2895156015E-002 -2.8749088762E+000
177.00 2.8923378680E+000 2.3881979422E-002 -2.5299558718E-012 -3.6746228548E-012 2.3881979422E-002 2.8923378680E+000 -1.2201998267E-011 2.4088199839E-012 2.4530095545E-012 -1.2165576454E-011 -2.8921793974E+000 -1.8609861575E-002 3.6789308659E-012 2.5175748864E-012 1.8609861575E-002 -2.8921793974E+000
178.00 2.9045427508E+000 1.0647042064E-002 -1.6825622368E-012 -2.8631209925E-012 1.0647042064E-002 2.9045427508E+000 -1.3047958316E-011 1.6222411204E-012 1.6429408898E-012 -1.3037156399E-011 -2.9045113633E+000 -8.3049469349E-003 2.8644008631E-012 1.6700314584E-012 8.3049469349E-003 -2.9045113633E+000
179.00 2.9119107365E+000 2.6666947433E-003 -8.3703275166E-013 -2.0444629888E-012 2.6666947433E-003 2.9119107365E+000 -1.3892396998E-011 8.1840846734E-013 8.2577223751E-013 -1.3891046420E-011 -2.9119087716E+000 -2.0813353566E-003 2.0446236236E-012 8.3021017390E-013 2.0813353566E-003 -2.9119087716E+000
180.00 2.9143742667E+000 3.3306690739E-015 -1.2933693609E-017 -1.2213926455E-012 3.3306690739E-015 2.9143742667E+000 -1.4728866343E-011 -4.8480995978E-018 1.2933693590E-017 -1.4728866343E-011 -2.9143742667E+000 2.3314683517E-015 1.2213926455E-012 -4.8480996072E-018 -2.3314683517E-015 -2.9143742667E+000
