theta s11 s12 s13 s14 s21 s22 s23 s24 s31 s32 s33 s34 s41 s42 s43 s44
0.00 1.4154797796E+002 0.0000000000E+000 0.0000000000E+000 1.1789118393E-011 0.0000000000E+000 1.4154797796E+002 6.4551903557E-011 0.0000000000E+000 0.0000000000E+000 -6.4551903557E-011 1.4154797796E+002 0.0000000000E+000 1.1789118393E-011 0.0000000000E+000 0.0000000000E+000 1.4154797796E+002
1.00 1.4140075340E+002 -5.8903788371E-003 -7.5779158165E-013 1.2824733538E-011 -5.8903788371E-003 1.4140075340E+002 6.5272105990E-011 -1.0198035169E-012 -7.5416995665E-013 -6.5272002585E-011 1.4140075293E+002 9.9513430563E-003 1.2824744174E-011 1.0238629156E-012 -9.9513430563E-003 1.4140075293E+002
2.00 1.4095992076E+002 -2.3466973149E-002 -1.5052785664E-012 1.3866929874E-011 -2.3466973149E-002 1.4095992076E+002 6.5908411869E-011 -2.0307548214E-012 -1.4904000344E-012 -6.5907588177E-011 1.4095991322E+002 3.9706967206E-002 1.3867012367E-011 2.0470118610E-012 -3.9706967206E-002 1.4095991322E+002
3.00 1.4022799590E+002 -5.2447619481E-002 -2.2397166585E-012 1.4912552890E-011 -5.2447619481E-002 1.4022799590E+002 6.6457672129E-011 -3.0304379539E-012 -2.2053989936E-012 -6.6454906476E-011 1.4022795786E+002 8.8972730329E-002 1.4912822796E-011 3.0670259632E-012 -8.8972730329E-002 1.4022795786E+002
4.00 1.3920914788E+002 -9.2366898443E-002 -2.9569399339E-012 1.5958879434E-011 -9.2366898443E-002 1.3920914788E+002 6.6917169139E-011 -4.0158607872E-012 -2.8945129478E-012 -6.6910654524E-011 1.3920902840E+002 1.5726195869E-001 1.5959498437E-011 4.0808630955E-012 -1.5726195869E-001 1.3920902840E+002
5.00 1.3790916323E+002 -1.4258333015E-001 -3.6544559658E-012 1.7003373059E-011 -1.4258333015E-001 1.3790916323E+002 6.7284179970E-011 -4.9843351595E-012 -3.5548252090E-012 -6.7271548373E-011 1.3790887384E+002 2.4390074508E-001 1.7004542396E-011 5.0857399873E-012 -2.4390074508E-001 1.3790887384E+002
6.00 1.3633539643E+002 -2.0228928122E-001 -4.3295059408E-012 1.8042848653E-011 -2.0228928122E-001 1.3633539643E+002 6.7556066256E-011 -5.9336389752E-012 -4.1832225094E-012 -6.7534417544E-011 1.3633480212E+002 3.4803527379E-001 1.8044802082E-011 6.0792951885E-012 -3.4803527379E-001 1.3633480212E+002
7.00 1.3449670721E+002 -2.7052342018E-001 -4.9781957105E-012 1.9074408914E-011 -2.7052342018E-001 1.3449670721E+002 6.7732398229E-011 -6.8608293536E-012 -4.7755256432E-012 -6.7698338755E-011 1.3449561867E+002 4.6864108150E-001 1.9077403477E-011 7.0584091473E-012 -4.6864108150E-001 1.3449561867E+002
8.00 1.3240338529E+002 -3.4618551684E-001 -5.5988347703E-012 2.0094232786E-011 -3.4618551684E-001 1.3240338529E+002 6.7809595069E-011 -7.7637782491E-012 -5.3298447485E-012 -6.7759272654E-011 1.3240155260E+002 6.0453413952E-001 2.0098546875E-011 8.0207290867E-012 -6.0453413952E-001 1.3240155260E+002
9.00 1.3006706353E+002 -4.2805334289E-001 -6.1879879549E-012 2.1099297311E-011 -4.2805334289E-001 1.3006706353E+002 6.7788215872E-011 -8.6411498513E-012 -5.8426160941E-012 -6.7717362091E-011 1.3006417144E+002 7.5438362049E-001 2.1105215328E-011 8.9646688850E-012 -7.5438362049E-001 1.3006417144E+002
10.00 1.2750062021E+002 -5.1480139785E-001 -6.7451388612E-012 2.2088056757E-011 -5.1480139785E-001 1.2750062021E+002 6.7663816936E-011 -9.4882337798E-012 -6.3132826015E-012 -6.7567805476E-011 1.2749628523E+002 9.1672619254E-001 2.2095890294E-011 9.8851970780E-012 -9.1672619254E-001 1.2749628523E+002
11.00 1.2471807170E+002 -6.0502115543E-001 -7.2656016455E-012 2.3055876364E-011 -6.0502115543E-001 1.2471807170E+002 6.7439773270E-011 -1.0304915940E-011 -6.7371943356E-012 -6.7313660767E-011 1.2471184105E+002 1.0899816658E+000 2.3065918548E-011 1.0781900074E-011 -1.0899816658E+000 1.2471184105E+002
12.00 1.2173445659E+002 -6.9724250210E-001 -7.7485425598E-012 2.4001255123E-011 -6.9724250210E-001 1.2173445659E+002 6.7113520597E-011 -1.1087966403E-011 -7.1136382290E-012 -6.6952108626E-011 1.2172580907E+002 1.2724698003E+000 2.4013811536E-011 1.1651164340E-011 -1.2724698003E+000 1.2172580907E+002
13.00 1.1856571247E+002 -7.8995602244E-001 -8.1914928764E-012 2.4919755088E-011 -7.8995602244E-001 1.1856571247E+002 6.6686275541E-011 -1.1836612944E-011 -7.4403621684E-012 -6.6484153632E-011 1.1855406128E+002 1.4624280719E+000 2.4935114625E-011 1.2491847288E-011 -1.4624280719E+000 1.1855406128E+002
14.00 1.1522854679E+002 -8.8163577365E-001 -8.5943056773E-012 2.5809426515E-011 -8.8163577365E-001 1.1522854679E+002 6.6156701604E-011 -1.2547440302E-011 -7.7175137709E-012 -6.5908321861E-011 1.1521324425E+002 1.6580301818E+000 2.5827901374E-011 1.3300092322E-011 -1.6580301818E+000 1.1521324425E+002
15.00 1.1174030299E+002 -9.7076218697E-001 -8.9523318817E-012 2.6666980474E-011 -9.7076218697E-001 1.1174030299E+002 6.5528750027E-011 -1.3219476653E-011 -7.9408015286E-012 -6.5228495055E-011 1.1172064706E+002 1.8574050878E+000 2.6688824972E-011 1.4074540474E-011 -1.8574050878E+000 1.1172064706E+002
16.00 1.0811882342E+002 -1.0558447340E+000 -9.2665681991E-012 2.7490212633E-011 -1.0558447340E+000 1.0811882342E+002 6.4801095388E-011 -1.3851172964E-011 -8.1116865811E-012 -6.4443305751E-011 1.0809406599E+002 2.0586563337E+000 2.7515700376E-011 1.4813151235E-011 -2.0586563337E+000 1.0809406599E+002
17.00 1.0438231038E+002 -1.1354440034E+000 -9.5376516419E-012 2.8276746547E-011 -1.1354440034E+000 1.0438231038E+002 6.3973849555E-011 -1.4440245774E-011 -8.2313468001E-012 -6.3552898472E-011 1.0435166708E+002 2.2598814466E+000 2.8306188053E-011 1.5513135683E-011 -2.2598814466E+000 1.0435166708E+002
18.00 1.0054918670E+002 -1.2081928466E+000 -9.7622426887E-012 2.9022058563E-011 -1.2081928466E+000 1.0054918670E+002 6.3050662264E-011 -1.4987149163E-011 -8.2970786308E-012 -6.2561001776E-011 1.0051184803E+002 2.4591911798E+000 2.9055690231E-011 1.6174519833E-011 -2.4591911798E+000 1.0051184803E+002
19.00 9.6637957183E+001 -1.2728162685E+000 -9.9413875377E-012 2.9725994001E-011 -1.2728162685E+000 9.6637957183E+001 6.2032854702E-011 -1.5488821586E-011 -8.3105660267E-012 -6.1469111343E-011 9.6593100812E+001 2.6547283788E+000 2.9764105124E-011 1.6793706064E-011 -2.6547283788E+000 9.6593100812E+001
20.00 9.2667072380E+001 -1.3281497657E+000 -1.0073225082E-011 3.0385208740E-011 -1.3281497657E+000 9.2667072380E+001 6.0924024411E-011 -1.5944690514E-011 -8.2707024651E-012 -6.0281042046E-011 9.2613876292E+001 2.8446862581E+000 3.0428042396E-011 1.7369668546E-011 -2.8446862581E+000 9.2613876292E+001
21.00 8.8654795820E+001 -1.3731558407E+000 -1.0158963779E-011 3.0998315323E-011 -1.3731558407E+000 8.8654795820E+001 5.9725290898E-011 -1.6353220424E-011 -8.1794989802E-012 -5.8998181297E-011 8.8592452066E+001 3.0273258855E+000 3.1046164097E-011 1.7900313000E-011 -3.0273258855E+000 8.8592452066E+001
22.00 8.4619076061E+001 -1.4069384556E+000 -1.0196763747E-011 3.1562631877E-011 -1.4069384556E+000 8.4619076061E+001 5.8442114375E-011 -1.6714193871E-011 -8.0359581669E-012 -5.7626319653E-011 8.4546804809E+001 3.2009926833E+000 3.1615718119E-011 1.8385016359E-011 -3.2009926833E+000 8.4546804809E+001
23.00 8.0577424632E+001 -1.4287552238E+000 -1.0189067623E-011 3.2075061786E-011 -1.4287552238E+000 8.0577424632E+001 5.7075729479E-011 -1.7027957003E-011 -7.8435142507E-012 -5.6166983527E-011 8.0494488235E+001 3.3641317719E+000 3.2133674781E-011 1.8823582545E-011 -3.3641317719E+000 8.0494488235E+001
24.00 7.6546800946E+001 -1.4380271799E+000 -1.0137463066E-011 3.2534925796E-011 -1.4380271799E+000 7.6546800946E+001 5.5628449715E-011 -1.7293280071E-011 -7.6046975761E-012 -5.4622898955E-011 7.6452517714E+001 3.5153019977E+000 3.2599437730E-011 1.9214215431E-011 -3.5153019977E+000 7.6452517714E+001
25.00 7.2543505139E+001 -1.4343460060E+000 -1.0038821045E-011 3.2941293963E-011 -1.4343460060E+000 7.2543505139E+001 5.4108346577E-011 -1.7508625868E-011 -7.3172605292E-012 -5.3002714779E-011 7.2437262532E+001 3.6531885055E+000 3.3011943698E-011 1.9555084443E-011 -3.6531885055E+000 7.2437262532E+001
26.00 6.8583079663E+001 -1.4174786395E+000 -9.8965265706E-012 3.3291005252E-011 -1.4174786395E+000 6.8583079663E+001 5.2516677986E-011 -1.7676094053E-011 -6.9857454016E-012 -5.1308021427E-011 6.8464346627E+001 3.7766137364E+000 3.3368121572E-011 1.9847735693E-011 -3.7766137364E+000 6.8464346627E+001
27.00 6.4680220378E+001 -1.3873692289E+000 -9.7123148094E-012 3.3584800589E-011 -1.3873692289E+000 6.4680220378E+001 5.0858035486E-011 -1.7793229531E-011 -6.6128146310E-012 -4.9544046312E-011 6.4548558553E+001 3.8845467562E+000 3.3668827944E-011 2.0089242608E-011 -3.8845467562E+000 6.4548558553E+001
28.00 6.0848697725E+001 -1.3441384461E+000 -9.4877917316E-012 3.3821247874E-011 -1.3441384461E+000 6.0848697725E+001 4.9136432012E-011 -1.7860529897E-011 -6.2011465337E-012 -4.7715336460E-011 6.0703771294E+001 3.9761108365E+000 3.3912692172E-011 2.0279646313E-011 -3.9761108365E+000 6.0703771294E+001
29.00 5.7101288471E+001 -1.2880802108E+000 -9.2218161498E-012 3.3997514236E-011 -1.2880802108E+000 5.7101288471E+001 4.7359101646E-011 -1.7880476544E-011 -5.7507376600E-012 -4.5829603438E-011 5.6942872436E+001 4.0505892398E+000 3.4096703814E-011 2.0421232239E-011 -4.0505892398E+000 5.6942872436E+001
30.00 5.3449718349E+001 -1.2196559174E+000 -8.9205569264E-012 3.4115804898E-011 -1.2196559174E+000 5.3449718349E+001 4.5527298127E-011 -1.7850587053E-011 -5.2686772400E-012 -4.3888799395E-011 5.3277705061E+001 4.1074291780E+000 3.4223495653E-011 2.0510820445E-011 -4.1074291780E+000 5.3277705061E+001
31.00 4.9904615835E+001 -1.1394862981E+000 -8.5814682414E-012 3.4171954106E-011 -1.1394862981E+000 4.9904615835E+001 4.3650195643E-011 -1.7774111215E-011 -4.7536586545E-012 -4.1902584953E-011 4.9719019639E+001 4.1462439406E+000 3.4288582651E-011 2.0551693595E-011 -4.1462439406E+000 4.9719019639E+001
32.00 4.6475477118E+001 -1.0483410887E+000 -8.2090636960E-012 3.4169292611E-011 -1.0483410887E+000 4.6475477118E+001 4.1730488775E-011 -1.7649674749E-011 -4.2109778968E-012 -3.9874381306E-011 4.6276437006E+001 4.1668132096E+000 3.4295588828E-011 2.0541881393E-011 -4.1668132096E+000 4.6276437006E+001
33.00 4.3170642245E+001 -9.4712669624E-001 -7.8034284636E-012 3.4105953864E-011 -9.4712669624E-001 4.3170642245E+001 3.9775629733E-011 -1.7478806298E-011 -3.6418150498E-012 -3.7812235153E-011 4.2958422474E+001 4.1690815997E+000 3.4242512364E-011 2.0482850098E-011 -4.1690815997E+000 4.2958422474E+001
34.00 3.9997282271E+001 -8.3687209575E-001 -7.3703718341E-012 3.3980093795E-011 -8.3687209575E-001 3.9997282271E+001 3.7788307022E-011 -1.7264745636E-011 -3.0531939889E-012 -3.5719138832E-011 3.9772270914E+001 4.1531554857E+000 3.4127883005E-011 2.0377339060E-011 -4.1531554857E+000 3.9772270914E+001
35.00 3.6961397140E+001 -7.1871320636E-001 -6.9088605572E-012 3.3797145994E-011 -7.1871320636E-001 3.6961397140E+001 3.5776850448E-011 -1.7003522388E-011 -2.4444180133E-012 -3.3604609358E-011 3.6724102606E+001 4.1192981950E+000 3.3956945913E-011 2.0221348993E-011 -4.1192981950E+000 3.6724102606E+001
36.00 3.4067823919E+001 -5.9387601623E-001 -6.4235552640E-012 3.3552700273E-011 -5.9387601623E-001 3.4067823919E+001 3.3745309004E-011 -1.6701253506E-011 -1.8215622423E-012 -3.1472717418E-011 3.3818869509E+001 4.0679236658E+000 3.3725520802E-011 2.0020711559E-011 -4.0679236658E+000 3.3818869509E+001
37.00 3.1320254893E+001 -4.6365873931E-001 -5.9164368912E-012 3.3249460474E-011 -4.6365873931E-001 3.1320254893E+001 3.1699453104E-011 -1.6357400757E-011 -1.1872012419E-012 -2.9330012212E-011 3.1060371497E+001 3.9995886817E+000 3.3436356100E-011 1.9774700477E-011 -3.9995886817E+000 3.1060371497E+001
38.00 2.8721264964E+001 -3.2941329601E-001 -5.3913311434E-012 3.2888383376E-011 -3.2941329601E-001 2.8721264964E+001 2.9644410739E-011 -1.5973464420E-011 -5.4588931782E-013 -2.7182152804E-011 2.8451282040E+001 3.9149838158E+000 3.3090644145E-011 1.9484602513E-011 -3.9149838158E+000 2.8451282040E+001
39.00 2.6272347688E+001 -1.9252641326E-001 -4.8488607973E-012 3.2469741397E-011 -1.9252641326E-001 2.6272347688E+001 2.7587533606E-011 -1.5551574478E-011 1.0096234865E-013 -2.5036939397E-011 2.5993182711E+001 3.8149232208E+000 3.2688458829E-011 1.9152679222E-011 -3.8149232208E+000 2.5993182711E+001
40.00 2.3973959248E+001 -5.4400638461E-002 -4.2924763373E-012 3.1995589724E-011 -5.4400638461E-002 2.3973959248E+001 2.5533976854E-011 -1.5093155086E-011 7.4939357463E-013 -2.2900026664E-011 2.3686605818E+001 3.7003334195E+000 3.2232008531E-011 1.8780227182E-011 -3.7003334195E+000 2.3686605818E+001
41.00 2.1825569567E+001 8.3564444567E-002 -3.7268979219E-012 3.1467599284E-011 8.3564444567E-002 2.1825569567E+001 2.3487276944E-011 -1.4599344620E-011 1.3942182468E-012 -2.0775524465E-011 2.1531084421E+001 3.5722412527E+000 3.1723333861E-011 1.8368037666E-011 -3.5722412527E+000 2.1531084421E+001
42.00 1.9825719762E+001 2.1999052016E-001 -3.1528356944E-012 3.0885914906E-011 2.1999052016E-001 1.9825719762E+001 2.1455293217E-011 -1.4073879806E-011 2.0340135159E-012 -1.8671373825E-011 1.9525208928E+001 3.4317611496E+000 3.1162348498E-011 1.7920171922E-011 -3.4317611496E+000 1.9525208928E+001
43.00 1.7972085057E+001 3.5353810349E-001 -2.5739332354E-012 3.0254388611E-011 3.5353810349E-001 1.7972085057E+001 1.9442492008E-011 -1.3516543780E-011 2.6651227455E-012 -1.6592781191E-011 1.7666689415E+001 3.2800818877E+000 3.0553049594E-011 1.7436330456E-011 -3.2800818877E+000 1.7666689415E+001
44.00 1.6261542302E+001 4.8292311794E-001 -1.9929692699E-012 2.9573869140E-011 4.8292311794E-001 1.6261542302E+001 1.7453906760E-011 -1.2930825689E-011 3.2843123106E-012 -1.4544860114E-011 1.5952422829E+001 3.1184530104E+000 2.9896358077E-011 1.6919971325E-011 -3.1184530104E+000 1.5952422829E+001
45.00 1.4690241197E+001 6.0693226631E-001 -1.4124389865E-012 2.8845704823E-011 6.0693226631E-001 1.4690241197E+001 1.5495520745E-011 -1.2319500366E-011 3.8887120169E-012 -1.2533705691E-011 1.4378564149E+001 2.9481710698E+000 2.9193657378E-011 1.6374050071E-011 -2.9481710698E+000 1.4378564149E+001
46.00 1.3253678324E+001 7.2443700026E-001 -8.3460759369E-013 2.8074197272E-011 7.2443700026E-001 1.3253678324E+001 1.3572363910E-011 -1.1683017417E-011 4.4763058697E-012 -1.0564853540E-011 1.2940600642E+001 2.7705658578E+000 2.8449072799E-011 1.5799232982E-011 -2.7705658578E+000 1.2940600642E+001
47.00 1.1946773131E+001 8.3440592046E-001 -2.6512203802E-013 2.7258675320E-011 8.3440592046E-001 1.1946773131E+001 1.1686310165E-011 -1.1026475060E-011 5.0410499467E-012 -8.6400087545E-012 1.1633428317E+001 2.5869867816E+000 2.7662751481E-011 1.5199920408E-011 -2.5869867816E+000 1.1633428317E+001
48.00 1.0763944988E+001 9.3591546973E-001 2.9658830518E-013 2.6404239555E-011 9.3591546973E-001 1.0763944988E+001 9.8453570088E-012 -1.0350034292E-011 5.5838469381E-012 -6.7674531964E-012 1.0451429696E+001 2.3987895370E+000 2.6839013778E-011 1.4577243148E-011 -2.3987895370E+000 1.0451429696E+001
49.00 9.6991905010E+000 1.0281588125E+000 8.4649651575E-013 2.5512557419E-011 1.0281588125E+000 9.6991905010E+000 8.0521898967E-012 -9.6567333094E-012 6.1007692238E-012 -4.9499298809E-012 9.3885520740E+000 2.2073232170E+000 2.5979878319E-011 1.3933943258E-011 -2.2073232170E+000 9.3885520740E+000
50.00 8.7461602926E+000 1.1104528259E+000 1.3823161425E-012 2.4586934012E-011 1.1104528259E+000 8.7461602926E+000 6.3113198680E-012 -8.9486929056E-012 6.5898663835E-012 -3.1919927545E-012 8.4383854335E+000 2.0139179877E+000 2.5088557346E-011 1.3272413950E-011 -2.0139179877E+000 8.4383854335E+000
51.00 7.8982344977E+000 1.1822431601E+000 1.9014225794E-012 2.3629187332E-011 1.1822431601E+000 7.8982344977E+000 4.6263086124E-012 -8.2294860400E-012 7.0486902270E-012 -1.4969681551E-012 7.5942392585E+000 1.8198734503E+000 2.4167054220E-011 1.2596146235E-011 -1.8198734503E+000 7.5942392585E+000
52.00 7.1485962913E+000 1.2431073568E+000 2.4020758848E-012 2.2643724926E-011 1.2431073568E+000 7.1485962913E+000 3.0013219815E-012 -7.4999032281E-012 7.4761235791E-012 1.3081143919E-013 6.8492175186E+000 1.6264477915E+000 2.3219368898E-011 1.1906411681E-011 -1.6264477915E+000 6.8492175186E+000
53.00 6.4903028089E+000 1.2927560461E+000 2.8823084510E-012 2.1632687380E-011 1.2927560461E+000 6.4903028089E+000 1.4398600026E-012 -6.7635645849E-012 7.8704773595E-012 1.6882881413E-012 6.1962911569E+000 1.4348478162E+000 2.2247726896E-011 1.1206854442E-011 -1.4348478162E+000 6.1962911569E+000
54.00 5.9163528868E+000 1.3310322711E+000 3.3386649812E-012 2.0598493558E-011 1.3310322711E+000 5.9163528868E+000 -5.6363416136E-014 -6.0234597718E-012 8.2290256494E-012 3.1737269105E-012 5.6283674761E+000 1.2462199361E+000 2.1254866683E-011 1.0500204860E-011 -1.2462199361E+000 5.6283674761E+000
55.00 5.4197511172E+000 1.3579090175E+000 3.7707511528E-012 1.9544962338E-011 1.3579090175E+000 5.4197511172E+000 -1.4830670263E-012 -5.2815098647E-012 8.5518491449E-012 4.5832792574E-012 5.1383558812E+000 1.0616421768E+000 2.0244148129E-011 9.7889185162E-012 -1.0616421768E+000 5.1383558812E+000
56.00 4.9935677765E+000 1.3734850507E+000 4.1762963770E-012 1.8475436947E-011 1.3734850507E+000 4.9935677765E+000 -2.8382943067E-012 -4.5397808377E-012 8.8375047846E-012 5.9150818099E-012 4.7192295043E+000 8.8211724805E-001 1.9218805152E-011 9.0751348348E-012 -8.8211724805E-001 4.7192295043E+000
57.00 4.6309942577E+000 1.3779791858E+000 4.5535118541E-012 1.7393130965E-011 1.3779791858E+000 4.6309942577E+000 -4.1201227762E-012 -3.8009106254E-012 9.0850449935E-012 7.1675227183E-012 4.3640823089E+000 7.0856670805E-001 1.8181990923E-011 8.3615975057E-012 -7.0856670805E-001 4.3640823089E+000
58.00 4.3253937064E+000 1.3717231345E+000 4.9018808217E-012 1.6300854902E-011 1.3717231345E+000 4.3253937064E+000 -5.3256437219E-012 -3.0675297210E-012 9.2944183775E-012 8.3383091498E-012 4.0661813396E+000 5.4182623657E-001 1.7136337791E-011 7.6510652787E-012 -5.4182623657E-001 4.0661813396E+000
59.00 4.0703466293E+000 1.3551530938E+000 5.2186032752E-012 1.5201550259E-011 1.3551530938E+000 4.0703466293E+000 -6.4548841973E-012 -2.3423070505E-012 9.4641271093E-012 9.4274276704E-012 3.8190138598E+000 3.8264201800E-001 1.6084882921E-011 6.9460600294E-012 -3.8264201800E-001 3.8190138598E+000
60.00 3.8596913124E+000 1.3288002479E+000 5.5042554125E-012 1.4098976315E-011 1.3288002479E+000 3.8596913124E+000 -7.5047967279E-012 -1.6268950458E-012 9.5951664357E-012 1.0432641262E-011 3.6163291835E+000 2.3166822070E-001 1.5030882711E-011 6.2486359266E-012 -2.3166822070E-001 3.6163291835E+000
61.00 3.6875589522E+000 1.2932803731E+000 5.7570299929E-012 1.2996120702E-011 1.2932803731E+000 3.6875589522E+000 -8.4754199912E-012 -9.2372882410E-013 9.6869261754E-012 1.1354174313E-011 3.4521750851E+000 8.9465546433E-002 1.3977261948E-011 5.5611677978E-012 -8.9465546433E-002 3.4521750851E+000
62.00 3.5484034667E+000 1.2492827343E+000 5.9760202050E-012 1.1895511887E-011 1.2492827343E+000 3.5484034667E+000 -9.3662641085E-012 -2.3554051341E-013 9.7394894969E-012 1.2191912850E-011 3.3209287304E+000 -4.3499188966E-002 1.2926502100E-011 4.8862803232E-012 4.3499188966E-002 3.3209287304E+000
63.00 3.4370260133E+000 1.1975584714E+000 6.1615573302E-012 1.0800729051E-011 1.1975584714E+000 3.4370260133E+000 -1.0176040008E-011 4.3618648685E-013 9.7538671097E-012 1.2945262462E-011 3.2173221427E+000 -1.6685249317E-001 1.1881771001E-011 4.2256475989E-012 1.6685249317E-001 3.2173221427E+000
64.00 3.3485942968E+000 1.1389086695E+000 6.3128908526E-012 9.7148347250E-012 1.1389086695E+000 3.3485942968E+000 -1.0905047753E-011 1.0894285380E-012 9.7303622011E-012 1.3614860851E-011 3.1364622731E+000 -2.8031271297E-001 1.0845921874E-011 3.5813196226E-012 2.8031271297E-001 3.1364622731E+000
65.00 3.2786568015E+000 1.0741723058E+000 6.4294710961E-012 8.6401617973E-012 1.0741723058E+000 3.2786568015E+000 -1.1553938211E-011 1.7217270605E-012 9.6695434143E-012 1.4201665057E-011 3.0738458048E+000 -3.8368769599E-001 9.8211753184E-012 2.9556051620E-012 3.8368769599E-001 3.0738458048E+000
66.00 3.2231521315E+000 1.0042142586E+000 6.5119507278E-012 7.5802800843E-012 1.0042142586E+000 3.2231521315E+000 -1.2122519059E-011 2.3320120839E-012 9.5727355312E-012 1.4706175153E-011 3.0253688688E+000 -4.7687167399E-001 8.8106686155E-012 2.3497147942E-012 4.7687167399E-001 3.0253688688E+000
67.00 3.1784136821E+000 9.2991355580E-001 6.5597402658E-012 6.5374389813E-012 9.2991355580E-001 3.1784136821E+000 -1.2612324730E-011 2.9181151723E-012 9.4405229856E-012 1.5130111087E-011 2.9873318974E+000 -5.5984144900E-001 7.8164353736E-012 1.7657024512E-012 5.5984144900E-001 2.9873318974E+000
68.00 3.1411699055E+000 8.5215202820E-001 6.5742744759E-012 5.5143572116E-012 8.5215202820E-001 3.1411699055E+000 -1.3023475806E-011 3.4785363340E-012 9.2749721813E-012 1.5474334076E-011 2.9564398833E+000 -6.3265196795E-001 6.8410389965E-012 1.2049170898E-012 6.3265196795E-001 2.9564398833E+000
69.00 3.1085404625E+000 7.7180351798E-001 6.5551774418E-012 4.5131807996E-012 7.7180351798E-001 3.1085404625E+000 -1.3358017239E-011 4.0114032368E-012 9.0768276086E-012 1.5740982153E-011 2.9297983446E+000 -6.9543137450E-001 5.8863097973E-012 6.6914243548E-013 6.9543137450E-001 2.9297983446E+000
70.00 3.0780285821E+000 6.8972377923E-001 6.5038691236E-012 3.5369160206E-012 6.8972377923E-001 3.0780285821E+000 -1.3616990751E-011 4.5160450873E-012 8.8481046642E-012 1.5931793347E-011 2.9049053305E+000 -7.4837562844E-001 4.9549328361E-012 1.5902242372E-013 7.4837562844E-001 2.9049053305E+000
71.00 3.0475099685E+000 6.0674118820E-001 6.4208619527E-012 2.5875754265E-012 6.0674118820E-001 3.0475099685E+000 -1.3802446854E-011 4.9908927536E-012 8.5901892741E-012 1.6049037106E-011 2.8796398219E+000 -7.9174278310E-001 4.0486667747E-012 -3.2403272027E-013 7.9174278310E-001 2.8796398219E+000
72.00 3.0152186141E+000 5.2364836312E-001 6.3066160270E-012 1.6673871864E-012 5.2364836312E-001 3.0152186141E+000 -1.3916970865E-011 5.4349848013E-012 8.3043525648E-012 1.6095570452E-011 2.8522469034E+000 -8.2584701052E-001 3.1693051243E-012 -7.7905739014E-013 8.2584701052E-001 2.8522469034E+000
73.00 2.9797298852E+000 4.4119477412E-001 6.1630229771E-012 7.7743076712E-013 4.4119477412E-001 2.9797298852E+000 -1.3962215921E-011 5.8464929317E-012 7.9932370347E-012 1.6073311600E-011 2.8213200931E+000 -8.5105246171E-001 2.3179771886E-012 -1.2046629958E-012 8.5105246171E-001 2.8213200931E+000
74.00 2.9399412558E+000 3.6008040371E-001 5.9913544344E-012 -7.8849364745E-014 3.6008040371E-001 2.9399412558E+000 -1.3940502866E-011 6.2261472434E-012 7.6583144791E-012 1.5985232853E-011 2.7857812270E+000 -8.6776704590E-001 1.4975715890E-012 -1.6015044264E-012 8.6776704590E-001 2.7857812270E+000
75.00 2.8950510637E+000 2.8095049853E-001 5.7930874958E-012 -9.0119770203E-013 2.8095049853E-001 2.8950510637E+000 -1.3854478936E-011 6.5718373788E-012 7.3019717239E-012 1.5833872782E-011 2.7448582934E+000 -8.7643620872E-001 7.0835644405E-013 -1.9679038878E-012 8.7643620872E-001 2.7448582934E+000
76.00 2.8445356633E+000 2.0439143295E-001 5.5694132485E-012 -1.6878687941E-012 2.0439143295E-001 2.8445356633E+000 -1.3707487080E-011 6.8832630340E-012 6.9258929199E-012 1.5622779836E-011 2.6980616144E+000 -8.7753678368E-001 -4.8315122558E-014 -2.3035460341E-012 8.7753678368E-001 2.6980616144E+000
77.00 2.7881253389E+000 1.3092768626E-001 5.3222682386E-012 -2.4367139751E-012 1.3092768626E-001 2.7881253389E+000 -1.3501957622E-011 7.1607767068E-012 6.5321258690E-012 1.5354827208E-011 2.6451587597E+000 -8.7157098538E-001 -7.7053844731E-013 -2.6090511204E-012 8.7157098538E-001 2.6451587597E+000
78.00 2.7257793359E+000 6.1019916463E-002 5.0531220087E-012 -3.1476220659E-012 6.1019916463E-002 2.7257793359E+000 -1.3241542706E-011 7.4029818847E-012 6.1228218248E-012 1.5033432968E-011 2.5861485712E+000 -8.5906060643E-001 -1.4583761865E-012 -2.8831803097E-012 8.5906060643E-001 2.5861485712E+000
79.00 2.6576603494E+000 -4.9359033401E-003 4.7640371082E-012 -3.8191410931E-012 -4.9359033401E-003 2.6576603494E+000 -1.2929088767E-011 7.6102197497E-012 5.7001389157E-012 1.4661706749E-011 2.5212346582E+000 -8.4054147277E-001 -2.1105585575E-012 -3.1265458602E-012 8.4054147277E-001 2.5212346582E+000
80.00 2.5841087961E+000 -6.6608336211E-002 4.4572172387E-012 -4.4502257521E-012 -6.6608336211E-002 2.5841087961E+000 -1.2567794139E-011 7.7826390436E-012 5.2663849014E-012 1.4242947626E-011 2.4507987062E+000 -8.1655820442E-001 -2.7261190635E-012 -3.3395513538E-012 8.1655820442E-001 2.4507987062E+000
81.00 2.5056171753E+000 -1.2372938452E-001 4.1342978804E-012 -5.0406138497E-012 -1.2372938452E-001 2.5056171753E+000 -1.2161410948E-011 7.9200435832E-012 4.8234426494E-012 1.3780793533E-011 2.3753739205E+000 -7.8765932131E-001 -3.3050278470E-012 -3.5221211400E-012 7.8765932131E-001 2.3753739205E+000
82.00 2.4228048013E+000 -1.7609252211E-001 3.7973588293E-012 -5.5894326477E-012 -1.7609252211E-001 2.4228048013E+000 -1.1713475251E-011 8.0229350505E-012 4.3732838568E-012 1.3278831392E-011 2.2956189023E+000 -7.5439272548E-001 -3.8465234150E-012 -3.6749542597E-012 7.5439272548E-001 2.2956189023E+000
83.00 2.3363931703E+000 -2.2354994308E-001 3.4487935094E-012 -6.0970465165E-012 -2.2354994308E-001 2.3363931703E+000 -1.1227214545E-011 8.0910094526E-012 3.9184925067E-012 1.2739976725E-011 2.2122922292E+000 -7.1730158352E-001 -4.3509678018E-012 -3.7980422453E-012 7.1730158352E-001 2.2122922292E+000
84.00 2.2471821958E+000 -2.6600912377E-001 3.0902076484E-012 -6.5627343863E-012 -2.6600912377E-001 2.2471821958E+000 -1.0706771791E-011 8.1253637926E-012 3.4603382936E-012 1.2168475977E-011 2.1262279827E+000 -6.7692062501E-001 -4.8178580512E-012 -3.8924956912E-012 6.7692062501E-001 2.1262279827E+000
85.00 2.1560275256E+000 -3.0342880083E-001 2.7241687964E-012 -6.9864831628E-012 -3.0342880083E-001 2.1560275256E+000 -1.0155358552E-011 8.1266291317E-012 3.0012027855E-012 1.1567375211E-011 2.0383124414E+000 -6.3377286556E-001 -5.2470443525E-012 -3.9592788580E-012 6.3377286556E-001 2.0383124414E+000
86.00 2.0638191229E+000 -3.3581447319E-001 2.3526561288E-012 -7.3688704573E-012 -3.3581447319E-001 2.0638191229E+000 -9.5768701817E-012 8.0950870988E-012 2.5429172963E-012 1.0940240419E-011 1.9494621239E+000 -5.8836675556E-001 -5.6391966892E-012 -3.9987175691E-012 5.8836675556E-001 1.9494621239E+000
87.00 1.9714612705E+000 -3.6321353795E-001 1.9779701978E-012 -7.7099485769E-012 -3.6321353795E-001 1.9714612705E+000 -8.9746643006E-012 8.0319676970E-012 2.0873904504E-012 1.0290322680E-011 1.8606033410E+000 -5.4119374943E-001 -5.9942184897E-012 -4.0122991622E-012 5.4119374943E-001 1.8606033410E+000
88.00 1.8798541292E+000 -3.8571017083E-001 1.6021142978E-012 -8.0102969893E-012 -3.8571017083E-001 1.8798541292E+000 -8.3526419144E-012 7.9379799629E-012 1.6362317744E-012 9.6212141173E-012 1.7726533842E+000 -4.9272628363E-001 -6.3126925784E-012 -4.0007631372E-012 4.9272628363E-001 1.7726533842E+000
89.00 1.7898769552E+000 -4.0342006025E-001 1.2272536486E-012 -8.2704050069E-012 -4.0342006025E-001 1.7898769552E+000 -7.7142729272E-012 7.8143730485E-012 1.1911258898E-012 8.9361690331E-012 1.6865034512E+000 -4.4341614633E-001 -6.5949275267E-012 -3.9655283908E-012 4.4341614633E-001 1.6865034512E+000
90.00 1.7023730559E+000 -4.1648510087E-001 8.5553781895E-013 -8.4915355486E-012 -4.1648510087E-001 1.7023730559E+000 -7.0629929630E-012 7.6618027806E-012 7.5390128741E-013 8.2381547725E-012 1.6030033791E+000 -3.9369321674E-001 -6.8421120863E-012 -3.9072549711E-012 3.9369321674E-001 1.6030033791E+000
91.00 1.6181365387E+000 -4.2506814726E-001 4.8876204297E-013 -8.6742526022E-012 -4.2506814726E-001 1.6181365387E+000 -6.4024686665E-012 7.4818268842E-012 3.2564412306E-013 7.5306936722E-012 1.5229482322E+000 -3.4396454755E-001 -7.0546250547E-012 -3.8275610489E-012 3.4396454755E-001 1.5229482322E+000
92.00 1.5379008819E+000 -4.2934792185E-001 1.2924113307E-013 -8.8194361788E-012 -4.2934792185E-001 1.5379008819E+000 -5.7358093838E-012 7.2759684348E-012 -9.1889164145E-014 6.8165329040E-012 1.4470667630E+000 -2.9461376093E-001 -7.2329548509E-012 -3.7281398620E-012 2.9461376093E-001 1.4470667630E+000
93.00 1.4623293372E+000 -4.2951416335E-001 -2.2135720072E-013 -8.9285428303E-012 -4.2951416335E-001 1.4623293372E+000 -5.0664978067E-012 7.0452764919E-012 -4.9761560959E-013 6.0987879612E-012 1.3760117431E+000 -2.4600072525E-001 -7.3784529334E-012 -3.6099057021E-012 2.4600072525E-001 1.3760117431E+000
94.00 1.3920071474E+000 -4.2576309277E-001 -5.6116199609E-013 -9.0029321481E-012 -4.2576309277E-001 1.3920071474E+000 -4.3976737654E-012 6.7910806030E-012 -8.9028911112E-013 5.3802319773E-012 1.3103521393E+000 -1.9846147824E-001 -7.4922169512E-012 -3.4741407098E-012 1.9846147824E-001 1.3103521393E+000
95.00 1.3274355476E+000 -4.1829326387E-001 -8.8846462361E-013 -9.0433584223E-012 -4.1829326387E-001 1.3274355476E+000 -3.7324197486E-012 6.5155551186E-012 -1.2690045774E-012 4.6637525205E-012 1.2505670881E+000 -1.5230836050E-001 -7.5744378051E-012 -3.3231924185E-012 1.5230836050E-001 1.2505670881E+000
96.00 1.2690274965E+000 -4.0730185437E-001 -1.2014792322E-012 -9.0521082649E-012 -4.0730185437E-001 1.2690274965E+000 -3.0735496419E-012 6.2194005429E-012 -1.6324540399E-012 3.9516151886E-012 1.1970416065E+000 -1.0783032331E-001 -7.6273279999E-012 -3.1574056028E-012 1.0783032331E-001 1.1970416065E+000
97.00 1.2171050698E+000 -3.9298144258E-001 -1.4988298691E-012 -9.0301545536E-012 -3.9298144258E-001 1.2171050698E+000 -2.4240366790E-012 5.9048850651E-012 -1.9801151200E-012 3.2466347306E-012 1.1500639599E+000 -6.5293374510E-002 -7.6512484015E-012 -2.9791374811E-012 6.5293374510E-002 1.1500639599E+000
98.00 1.1718984316E+000 -3.7551730268E-001 -1.7791075821E-012 -8.9794981890E-012 -3.7551730268E-001 1.1718984316E+000 -1.7865712461E-012 5.5732117474E-012 -2.3112423986E-012 2.5511548803E-012 1.1098245940E+000 -2.4941127302E-002 -7.6479359333E-012 -2.7893168924E-012 2.4941127302E-002 1.1098245940E+000
99.00 1.1335462884E+000 -3.5508524014E-001 -2.0407486011E-012 -8.9017682123E-012 -3.5508524014E-001 1.1335462884E+000 -1.1633547757E-012 5.2261928498E-012 -2.6248655044E-012 1.8670087634E-012 1.0764165277E+000 1.3004581702E-002 -7.6185072279E-012 -2.5896338456E-012 -1.3004581702E-002 1.0764165277E+000
100.00 1.1020977172E+000 -3.3184997694E-001 -2.2828203248E-012 -8.7984422179E-012 -3.3184997694E-001 1.1020977172E+000 -5.5710088924E-013 4.8657826704E-012 -2.9208582887E-012 1.1967407269E-012 1.0498370930E+000 4.8343036795E-002 -7.5638688226E-012 -2.3819497557E-012 -4.8343036795E-002 1.0498370930E+000
101.00 1.0775152512E+000 -3.0596408537E-001 -2.5039535494E-012 -8.6717401882E-012 -3.0596408537E-001 1.0775152512E+000 3.0345939475E-014 4.4933175526E-012 -3.1984044111E-012 5.4185637092E-013 1.0299909025E+000 8.0893978852E-002 -7.4858980157E-012 -2.1672133691E-012 -8.0893978852E-002 1.0299909025E+000
102.00 1.0596790999E+000 -2.7756745812E-001 -2.7035765488E-012 -8.5231959438E-012 -2.7756745812E-001 1.0596790999E+000 5.9661371340E-013 4.1108047293E-012 -3.4576731092E-012 -9.5375493246E-014 1.0166939182E+000 1.1049695833E-001 -7.3854721575E-012 -1.9473248389E-012 -1.1049695833E-001 1.0166939182E+000
103.00 1.0483923727E+000 -2.4678729247E-001 -2.8807596792E-012 -8.3546172674E-012 -2.4678729247E-001 1.0483923727E+000 1.1399412521E-012 3.7200049095E-012 -3.6982765045E-012 -7.1344195286E-013 1.0096784933E+000 1.3701072812E-001 -7.2638603006E-012 -1.7237786173E-012 -1.3701072812E-001 1.0096784933E+000
104.00 1.0433871729E+000 -2.1373855713E-001 -3.0344210717E-012 -8.1684887450E-012 -2.1373855713E-001 1.0433871729E+000 1.6590593226E-012 3.3221372261E-012 -3.9197031620E-012 -1.3112247400E-012 1.0085992571E+000 1.6031269515E-001 -7.1231951959E-012 -1.4972729627E-012 -1.6031269515E-001 1.0085992571E+000
105.00 1.0443314267E+000 -1.7852490205E-001 -3.1647287659E-012 -7.9663148251E-012 -1.7852490205E-001 1.0443314267E+000 2.1518339783E-012 2.9192203917E-012 -4.1227420188E-012 -1.8865773907E-012 1.0130397123E+000 1.8029844556E-001 -6.9641844533E-012 -1.2697439558E-012 -1.8029844556E-001 1.0130397123E+000
106.00 1.0508363112E+000 -1.4123996441E-001 -3.2707636962E-012 -7.7496544574E-012 -1.4123996441E-001 1.0508363112E+000 2.6174497607E-012 2.5133129708E-012 -4.3067655063E-012 -2.4389433734E-012 1.0225194168E+000 1.9688135446E-001 -6.7878576471E-012 -1.0428527020E-012 -1.9688135446E-001 1.0225194168E+000
107.00 1.0624641455E+000 -1.0196901778E-001 -3.3523839512E-012 -7.5208950453E-012 -1.0196901778E-001 1.0624641455E+000 3.0546173234E-012 2.1056242653E-012 -4.4721947356E-012 -2.9669287044E-012 1.0365016253E+000 2.0999228687E-001 -6.5960788894E-012 -8.1738401634E-013 -2.0999228687E-001 1.0365016253E+000
108.00 1.0787366121E+000 -6.0790907029E-002 -3.4096376722E-012 -7.2818614505E-012 -6.0790907029E-002 1.0787366121E+000 3.4622529232E-012 1.6978143914E-012 -4.6194444961E-012 -3.4694184501E-012 1.0544012682E+000 2.1957939263E-001 -6.3900378926E-012 -5.9466050081E-013 -2.1957939263E-001 1.0544012682E+000
109.00 1.0991431814E+000 -1.7780207621E-002 -3.4420822635E-012 -7.0344525320E-012 -1.7780207621E-002 1.0991431814E+000 3.8400599156E-012 1.2913693506E-012 -4.7483781837E-012 -3.9460357156E-012 1.0755931529E+000 2.2560799382E-001 -6.1711415942E-012 -3.7567047299E-013 -2.2560799382E-001 1.0755931529E+000
110.00 1.1231496122E+000 2.6990453908E-002 -3.4503116829E-012 -6.7804142741E-012 2.6990453908E-002 1.1231496122E+000 4.1869671575E-012 8.8799876439E-013 -4.8598397319E-012 -4.3956061762E-012 1.0994202781E+000 2.2806055969E-001 -5.9404483554E-012 -1.6181029730E-013 -2.2806055969E-001 1.0994202781E+000
111.00 1.1502064130E+000 7.3447982817E-002 -3.4347771667E-012 -6.5213830235E-012 7.3447982817E-002 1.1502064130E+000 4.5024253477E-012 4.8929637670E-013 -4.9544087119E-012 -4.8174565096E-012 1.1252021566E+000 2.2693676008E-001 -5.6990087588E-012 4.5755078958E-014 -2.2693676008E-001 1.1252021566E+000
112.00 1.1797571516E+000 1.2151636641E-001 -3.3949751399E-012 -6.2599472216E-012 1.2151636641E-001 1.1797571516E+000 4.7870457557E-012 9.5847008717E-014 -5.0319216701E-012 -5.2117534415E-012 1.1522430530E+000 2.2225358562E-001 -5.4489387752E-012 2.4696929585E-013 -2.2225358562E-001 1.1522430530E+000
113.00 1.2112465099E+000 1.7111425441E-001 -3.3322540970E-012 -5.9966573959E-012 1.7111425441E-001 1.2112465099E+000 5.0399860323E-012 -2.8985469312E-013 -5.0935129061E-012 -5.5776490288E-012 1.1798400465E+000 2.1404551940E-001 -5.1901852923E-012 4.3975682222E-013 -2.1404551940E-001 1.1798400465E+000
114.00 1.2441279894E+000 2.2215262960E-001 -3.2471112988E-012 -5.7339669893E-012 2.2215262960E-001 1.2441279894E+000 5.2614319070E-012 -6.6730438150E-013 -5.1397968128E-012 -5.9148729962E-012 1.2072908407E+000 2.0236474280E-001 -4.9246060171E-012 6.2400702544E-013 -2.0236474280E-001 1.2072908407E+000
115.00 1.2778711817E+000 2.7453262532E-001 -3.1400918077E-012 -5.4731040608E-012 2.7453262532E-001 1.2778711817E+000 5.4518639039E-012 -1.0349132501E-012 -5.1712128663E-012 -6.2235603037E-012 1.2339012474E+000 1.8728135573E-001 -4.6529920913E-012 7.9868385302E-013 -1.8728135573E-001 1.2339012474E+000
116.00 1.3119685280E+000 3.2814354206E-001 -3.0123746132E-012 -5.2156550153E-012 3.2814354206E-001 1.3119685280E+000 5.6113879012E-012 -1.3916454931E-012 -5.1887366791E-012 -6.5034474721E-012 1.2589922825E+000 1.6888359018E-001 -4.3763757329E-012 9.6318075399E-013 -1.6888359018E-001 1.2589922825E+000
117.00 1.3459415019E+000 3.8286110985E-001 -2.8645527917E-012 -4.9630622279E-012 3.8286110985E-001 1.3459415019E+000 5.7409088591E-012 -1.7363738865E-012 -5.1928189984E-012 -6.7549064910E-012 1.2819068177E+000 1.4727799464E-001 -4.0957839949E-012 1.1168855847E-012 -1.4727799464E-001 1.2819068177E+000
118.00 1.3793461576E+000 4.3854603751E-001 -2.6982669011E-012 -4.7166728338E-012 4.3854603751E-001 1.3793461576E+000 5.8405355217E-012 -2.0681834718E-012 -5.1846570194E-012 -6.9776844756E-012 1.3020157425E+000 1.2258956646E-001 -3.8120476315E-012 1.2593196878E-012 -1.2258956646E-001 1.3020157425E+000
119.00 1.4117780009E+000 4.9504288313E-001 -2.5136422126E-012 -4.4784598600E-012 4.9504288313E-001 1.4117780009E+000 5.9120759739E-012 -2.3867878570E-012 -5.1643335386E-012 -7.1727332147E-012 1.3187235960E+000 9.4961809283E-002 -3.5266027876E-012 1.3905268985E-012 -9.4961809283E-002 1.3187235960E+000
120.00 1.4428761435E+000 5.5217927314E-001 -2.3131716247E-012 -4.2481762784E-012 5.5217927314E-001 1.4428761435E+000 5.9552212159E-012 -2.6899646410E-012 -5.1334692803E-012 -7.3396183180E-012 1.3314736382E+000 6.4556692819E-002 -3.2391551452E-012 1.5091191784E-012 -6.4556692819E-002 1.3314736382E+000
121.00 1.4723267182E+000 6.0976549062E-001 -2.0975052557E-012 -4.0281242066E-012 6.0976549062E-001 1.4723267182E+000 5.9716292967E-012 -2.9781689323E-012 -5.0924590850E-012 -7.4791385445E-012 1.3397523374E+000 3.1554493568E-002 -2.9513218046E-012 1.6156918902E-012 -3.1554493568E-002 1.3397523374E+000
122.00 1.4998655376E+000 6.6759444542E-001 -1.8673755370E-012 -3.8194545784E-012 6.6759444542E-001 1.4998655376E+000 5.9631761566E-012 -3.2508356861E-012 -5.0417563289E-012 -7.5923169518E-012 1.3430932551E+000 -3.8465037447E-003 -2.6638668378E-012 1.7100568920E-012 3.8465037447E-003 1.3430932551E+000
123.00 1.5252799905E+000 7.2544203202E-001 -1.6257075640E-012 -3.6220576265E-012 7.2544203202E-001 1.5252799905E+000 5.9295378842E-012 -3.5063955036E-012 -4.9830909765E-012 -7.6787225070E-012 1.3410803199E+000 -4.1430462142E-002 -2.3767533218E-012 1.7914728880E-012 4.1430462142E-002 1.3410803199E+000
124.00 1.5484101795E+000 7.8306787356E-001 -1.3728597850E-012 -3.4376267459E-012 7.8306787356E-001 1.5484101795E+000 5.8731530489E-012 -3.7452144650E-012 -4.9165786133E-012 -7.7396908550E-012 1.3333504863E+000 -8.0964621635E-002 -2.0910991335E-012 1.8604200619E-012 8.0964621635E-002 1.3333504863E+000
125.00 1.5691493109E+000 8.4021644323E-001 -1.1103313065E-012 -3.2664705349E-012 8.4021644323E-001 1.5691493109E+000 5.7955023748E-012 -3.9664684470E-012 -4.8430872381E-012 -7.7759744214E-012 1.3195957791E+000 -1.2220011481E-001 -1.8071547608E-012 1.9166581528E-012 1.2220011481E-001 1.3195957791E+000
126.00 1.5874433584E+000 8.9661854817E-001 -8.4031843287E-013 -3.1096346854E-012 8.9661854817E-001 1.5874433584E+000 5.6973470918E-012 -4.1702241687E-012 -4.7637233954E-012 -7.7879133918E-012 1.2995647333E+000 -1.6487297879E-001 -1.5256476297E-012 1.9605195323E-012 1.6487297879E-001 1.2995647333E+000
127.00 1.6032900268E+000 9.5199315431E-001 -5.6401209051E-013 -2.9677189873E-012 9.5199315431E-001 1.6032900268E+000 5.5806560117E-012 -4.3563504394E-012 -4.6790885278E-012 -7.7766229393E-012 1.2730632399E+000 -2.0870537020E-001 -1.2469524783E-012 1.9922200282E-012 2.0870537020E-001 1.2730632399E+000
128.00 1.6167370522E+000 1.0060495252E+000 -2.8289098127E-013 -2.8400901307E-012 1.0060495252E+000 1.6167370522E+000 5.4470545585E-012 -4.5235321460E-012 -4.5899472194E-012 -7.7428239738E-012 1.2399548169E+000 -2.5340698623E-001 -9.7092753172E-013 2.0113676541E-012 2.5340698623E-001 1.2399548169E+000
129.00 1.6278798784E+000 1.0584896430E+000 1.0868008080E-015 -2.7288660158E-012 1.0584896430E+000 1.6278798784E+000 5.2978387787E-012 -4.6734635531E-012 -4.4970936614E-012 -7.6874453554E-012 1.2001603261E+000 -2.9867669109E-001 -6.9876527833E-013 2.0191470017E-012 2.9867669109E-001 1.2001603261E+000
130.00 1.6368587591E+000 1.1090108746E+000 2.8641658016E-013 -2.6331477160E-012 1.1090108746E+000 1.6368587591E+000 5.1347281583E-012 -4.8050296301E-012 -4.4013051960E-012 -7.6113612360E-012 1.1536571619E+000 -3.4420434336E-001 -4.3011838502E-013 2.0154183294E-012 3.4420434336E-001 1.1536571619E+000
131.00 1.6438553353E+000 1.1573088438E+000 5.7181107410E-013 -2.5533583843E-012 1.1573088438E+000 1.6438553353E+000 4.9596358885E-012 -4.9185138273E-012 -4.3030795763E-012 -7.5156084666E-012 1.1004779416E+000 -3.8967281580E-001 -1.6529671379E-013 2.0006513172E-012 3.8967281580E-001 1.1004779416E+000
132.00 1.6490887467E+000 1.2030804660E+000 8.5556515044E-013 -2.4894843613E-012 1.2030804660E+000 1.6490887467E+000 4.7741397492E-012 -5.0139455006E-012 -4.2031963772E-012 -7.4011397618E-012 1.0407087293E+000 -4.3476019548E-001 9.5527944453E-014 1.9752598097E-012 4.3476019548E-001 1.0407087293E+000
133.00 1.6528113364E+000 1.2460271008E+000 1.1364517515E-012 -2.4426539271E-012 1.2460271008E+000 1.6528113364E+000 4.5802055546E-012 -5.0926655909E-012 -4.1019836849E-012 -7.2692165713E-012 9.7448682894E-001 -4.7914214809E-001 3.5189799949E-013 1.9401128174E-012 4.7914214809E-001 9.7448682894E-001
134.00 1.6553040112E+000 1.2858577750E+000 1.4125924629E-012 -2.4110510739E-012 1.2858577750E+000 1.6553040112E+000 4.3791195918E-012 -5.1531958964E-012 -4.0004325583E-012 -7.1204209559E-012 9.0199818482E-001 -5.2249442723E-001 6.0427037067E-013 1.8951887356E-012 5.2249442723E-001 9.0199818482E-001
135.00 1.6568713240E+000 1.3222924315E+000 1.6825286891E-012 -2.3959519025E-012 1.3222924315E+000 1.6568713240E+000 4.1725014213E-012 -5.1973450747E-012 -3.8988319251E-012 -6.9560151938E-012 8.2347442836E-001 -5.6449550545E-001 8.5218548749E-013 1.8416402298E-012 5.6449550545E-001 8.2347442836E-001
136.00 1.6578363439E+000 1.3550651548E+000 1.9450489532E-012 -2.3963074526E-012 1.3550651548E+000 1.6578363439E+000 3.9621989235E-012 -5.2246233380E-012 -3.7977499104E-012 -6.7769175099E-012 7.3918961400E-001 -6.0482930159E-001 1.0958338764E-012 1.7797049830E-012 6.0482930159E-001 7.3918961400E-001
137.00 1.6585353811E+000 1.3839273286E+000 2.1987368540E-012 -2.4122845465E-012 1.3839273286E+000 1.6585353811E+000 3.7497319493E-012 -5.2360255503E-012 -3.6976312675E-012 -6.5842973549E-012 6.4945668653E-001 -6.4318797553E-001 1.3351892919E-012 1.7103007180E-012 6.4318797553E-001 6.4945668653E-001
138.00 1.6593126340E+000 1.4086506816E+000 2.4426224702E-012 -2.4433528104E-012 1.4086506816E+000 1.6593126340E+000 3.5369706746E-012 -5.2318287344E-012 -3.5988056895E-012 -6.3791457529E-012 5.5462372431E-001 -6.7927475973E-001 1.5703530461E-012 1.6339297765E-012 6.7927475973E-001 5.5462372431E-001
139.00 1.6605148253E+000 1.4290301784E+000 2.6751583548E-012 -2.4892140350E-012 1.4290301784E+000 1.6605148253E+000 3.3251131442E-012 -5.2127192076E-012 -3.5017076540E-012 -6.1624664088E-012 4.5507000294E-001 -7.1280679475E-001 1.8012948256E-012 1.5513824564E-012 7.1280679475E-001 4.5507000294E-001
140.00 1.6624858901E+000 1.4448867166E+000 2.8951180693E-012 -2.5489199987E-012 1.4448867166E+000 1.6624858901E+000 3.1155042043E-012 -5.1788213734E-012 -3.4067290184E-012 -5.9351211392E-012 3.5120192446E-001 -7.4351793481E-001 2.0281852218E-012 1.4633968812E-012 7.4351793481E-001 3.5120192446E-001
141.00 1.6655617826E+000 1.4560695947E+000 3.1017998051E-012 -2.6230725345E-012 1.4560695947E+000 1.6655617826E+000 2.9099210735E-012 -5.1319105478E-012 -3.3138425681E-012 -5.6984581654E-012 2.4344885702E-001 -7.7116148820E-001 2.2510755872E-012 1.3707455547E-012 7.7116148820E-001 2.4344885702E-001
142.00 1.6700654570E+000 1.4624587172E+000 3.2942838993E-012 -2.7093593839E-012 1.4624587172E+000 1.6700654570E+000 2.7097416372E-012 -5.0709349170E-012 -3.2237155674E-012 -5.4530391907E-012 1.3225892953E-001 -7.9551285753E-001 2.4702927406E-012 1.2740478253E-012 7.9551285753E-001 1.3225892953E-001
143.00 1.6763020846E+000 1.4639665096E+000 3.4716552168E-012 -2.8093336860E-012 1.4639665096E+000 1.6763020846E+000 2.5162225072E-012 -4.9987440420E-012 -3.1359509087E-012 -5.2003112595E-012 1.8094824897E-002 -8.1637204439E-001 2.6858120548E-012 1.1741419421E-012 8.1637204439E-001 1.8094824897E-002
144.00 1.6845545568E+000 1.4605395181E+000 3.6329193909E-012 -2.9202153975E-012 1.4605395181E+000 1.6845545568E+000 2.3303485885E-012 -4.9139711056E-012 -3.0512589716E-012 -4.9407127100E-012 -9.8570385686E-002 -8.3356598409E-001 2.8978161086E-012 1.0717988289E-012 8.3356598409E-001 -9.8570385686E-002
145.00 1.6950793257E+000 1.4521596760E+000 3.7775159506E-012 -3.0429469558E-012 1.4521596760E+000 1.6950793257E+000 2.1533640469E-012 -4.8189876275E-012 -2.9692599987E-012 -4.6755631060E-012 -2.1725732643E-001 -8.4695067723E-001 3.1065176938E-012 9.6774599105E-013 8.4695067723E-001 -2.1725732643E-001
146.00 1.7081026260E+000 1.4388452200E+000 3.9046584275E-012 -3.1757131632E-012 1.4388452200E+000 1.7081026260E+000 1.9861580343E-012 -4.7134757208E-012 -2.8902400373E-012 -4.4054690418E-012 -3.3748427974E-001 -8.5641308654E-001 3.3119212996E-012 8.6273881743E-013 8.5641308654E-001 -3.3748427974E-001
147.00 1.7238171184E+000 1.4206512465E+000 4.0144338947E-012 -3.3181979869E-012 1.4206512465E+000 1.7238171184E+000 1.8301795665E-012 -4.5986634310E-012 -2.8141881866E-012 -4.1314182191E-012 -4.5877099129E-001 -8.6187276972E-001 3.5144805454E-012 7.5746773868E-013 8.6187276972E-001 -4.5877099129E-001
148.00 1.7423789890E+000 1.3976699035E+000 4.1060371896E-012 -3.4697842673E-012 1.3976699035E+000 1.7423789890E+000 1.6859489069E-012 -4.4754612459E-012 -2.7408808941E-012 -3.8542155050E-012 -5.8064228339E-001 -8.6328322174E-001 3.7141942060E-012 6.5262725475E-013 8.6328322174E-001 -5.8064228339E-001
149.00 1.7639055336E+000 1.3700302150E+000 4.1791273377E-012 -3.6297347759E-012 1.3700302150E+000 1.7639055336E+000 1.5541638226E-012 -4.3447317917E-012 -2.6702168274E-012 -3.5747336667E-012 -7.0263144526E-001 -8.6063290299E-001 3.9112566118E-012 5.4891263616E-013 8.6063290299E-001 -7.0263144526E-001
150.00 1.7884732504E+000 1.3378975418E+000 4.2340941096E-012 -3.7962244943E-012 1.3378975418E+000 1.7884732504E+000 1.4360736222E-012 -4.2062504910E-012 -2.6024718264E-012 -3.2933226989E-012 -8.2428337237E-001 -8.5394593326E-001 4.1057288237E-012 4.4707010917E-013 8.5394593326E-001 -8.2428337237E-001
151.00 1.8161164578E+000 1.3014726867E+000 4.2699385968E-012 -3.9701373913E-012 1.3014726867E+000 1.8161164578E+000 1.3313551237E-012 -4.0624782578E-012 -2.5367401161E-012 -3.0113566359E-012 -9.4515743019E-001 -8.4328243554E-001 4.2979249982E-012 3.4757798175E-013 8.4328243554E-001 -9.4515743019E-001
152.00 1.8468264494E+000 1.2609906539E+000 4.2874126330E-012 -4.1488231697E-012 1.2609906539E+000 1.8468264494E+000 1.2412560111E-012 -3.9123822730E-012 -2.4734798667E-012 -2.7288163516E-012 -1.0648300215E+000 -8.2873851730E-001 4.4876147585E-012 2.5131841872E-013 8.2873851730E-001 -1.0648300215E+000
153.00 1.8805511904E+000 1.2167190793E+000 4.2862692071E-012 -4.3324192587E-012 1.2167190793E+000 1.8805511904E+000 1.1657271924E-012 -3.7576795506E-012 -2.4120985061E-012 -2.4467864530E-012 -1.1828968404E+000 -8.1044588154E-001 4.6751085155E-012 1.5877667184E-013 8.1044588154E-001 -1.1828968404E+000
154.00 1.9171955553E+000 1.1689563481E+000 4.2674627253E-012 -4.5202758584E-012 1.1689563481E+000 1.9171955553E+000 1.1058333683E-012 -3.5993311227E-012 -2.3525321385E-012 -2.1656038492E-012 -1.2989747995E+000 -7.8857106447E-001 4.8607029134E-012 7.0144595509E-014 7.8857106447E-001 -1.2989747995E+000
155.00 1.9566220986E+000 1.1180294221E+000 4.2304044313E-012 -4.7113158206E-012 1.1180294221E+000 1.9566220986E+000 1.0608926386E-012 -3.4377486965E-012 -2.2941237586E-012 -1.8860329396E-012 -1.4127036230E+000 -7.6331430079E-001 5.0441563372E-012 -1.3696751406E-014 7.6331430079E-001 -1.4127036230E+000
156.00 1.9986523477E+000 1.0642914005E+000 4.1762166127E-012 -4.9049363746E-012 1.0642914005E+000 1.9986523477E+000 1.0316894300E-012 -3.2738671280E-012 -2.2368037473E-012 -1.6083679779E-012 -1.5237470984E+000 -7.3490802274E-001 5.2257746691E-012 -9.2560036845E-014 7.3490802274E-001 -1.5237470984E+000
157.00 2.0430685969E+000 1.0081188389E+000 4.1047157166E-012 -5.1000870144E-012 1.0081188389E+000 2.0430685969E+000 1.0175326706E-012 -3.1081469002E-012 -2.1799301384E-012 -1.3333687076E-012 -1.6317939900E+000 -7.0361500318E-001 5.4052642565E-012 -1.6575946565E-013 7.0361500318E-001 -1.6317939900E+000
158.00 2.0896161806E+000 9.4990885602E-001 4.0170796181E-012 -5.2958155831E-012 9.4990885602E-001 2.0896161806E+000 1.0189000837E-012 -2.9410507322E-012 -2.1234206326E-012 -1.0611398274E-012 -1.7365586143E+000 -6.6972615775E-001 5.5826518362E-012 -2.3290430441E-013 6.6972615775E-001 -1.7365586143E+000
159.00 2.1380061945E+000 8.9007605617E-001 3.9138121127E-012 -5.4922985768E-012 8.9007605617E-001 2.1380061945E+000 1.0354606864E-012 -2.7741625049E-012 -2.0665425952E-012 -7.9233771083E-013 -1.8377810889E+000 -6.3355802538E-001 5.7583721304E-012 -2.9417064490E-013 6.3355802538E-001 -1.8377810889E+000
160.00 2.1879186327E+000 8.2904929805E-001 3.7959195640E-012 -5.6873172623E-012 8.2904929805E-001 2.1879186327E+000 1.0672240134E-012 -2.6065819592E-012 -2.0093028965E-012 -5.2679255537E-013 -1.9352272635E+000 -5.9544995052E-001 5.9315213215E-012 -3.4840572162E-013 5.9544995052E-001 -1.9352272635E+000
161.00 2.2390058996E+000 7.6726834135E-001 3.6636681008E-012 -5.8814575811E-012 7.6726834135E-001 2.2390058996E+000 1.1131768537E-012 -2.4402491028E-012 -1.9506453818E-012 -2.6555302899E-013 -2.0286883515E+000 -5.5576099448E-001 6.1026549240E-012 -3.9606473734E-013 5.5576099448E-001 -2.0286883515E+000
162.00 2.2908966559E+000 7.0518040199E-001 3.5185868022E-012 -6.0734413651E-012 7.0518040199E-001 2.2908966559E+000 1.1735659984E-012 -2.2751280962E-012 -1.8905847214E-012 -8.2941909166E-015 -2.1179802800E+000 -5.1486660646E-001 6.2713755332E-012 -4.3670903406E-013 5.1486660646E-001 -2.1179802800E+000
163.00 2.3431999528E+000 6.4323664762E-001 3.3613059971E-012 -6.2629039776E-012 6.4323664762E-001 2.3431999528E+000 1.2474927610E-012 -2.1119401162E-012 -1.8283521911E-012 2.4445921688E-013 -2.2029427809E+000 -4.7315508850E-001 6.4376856675E-012 -4.7020546924E-013 4.7315508850E-001 -2.2029427809E+000
164.00 2.3955096020E+000 5.8188866451E-001 3.1930514582E-012 -6.4492080861E-012 5.8188866451E-001 2.3955096020E+000 1.3345250883E-012 -1.9512857348E-012 -1.7636053418E-012 4.9260203522E-013 -2.2834382499E+000 -4.3102389093E-001 6.6013893227E-012 -4.9658705664E-013 4.3102389093E-001 -2.2834382499E+000
165.00 2.4474087348E+000 5.2158492637E-001 3.0147630611E-012 -6.6317076987E-012 5.2158492637E-001 2.4474087348E+000 1.4339384658E-012 -1.7934834642E-012 -1.6957083169E-012 7.3598867774E-013 -2.3593503999E+000 -3.8887577744E-001 6.7622279838E-012 -5.1564892331E-013 3.8887577744E-001 -2.3593503999E+000
166.00 2.4984744914E+000 4.6276729489E-001 2.8278146108E-012 -6.8099435138E-012 4.6276729489E-001 2.4984744914E+000 1.5450910728E-012 -1.6391305112E-012 -1.6243633880E-012 9.7451578060E-013 -2.4305827410E+000 -3.4711490068E-001 6.9200585592E-012 -5.2751776723E-013 3.4711490068E-001 -2.4305827410E+000
167.00 2.5482827899E+000 4.0586758077E-001 2.6333718083E-012 -6.9828416150E-012 4.0586758077E-001 2.5482827899E+000 1.6672251116E-012 -1.4880228660E-012 -1.5491045687E-012 1.2082164330E-012 -2.4970569179E+000 -3.0614283072E-001 7.0741527765E-012 -5.3169826309E-013 3.0614283072E-001 -2.4970569179E+000
168.00 2.5964131159E+000 3.5130419281E-001 2.4322640342E-012 -7.1507145079E-012 3.5130419281E-001 2.5964131159E+000 1.7991003480E-012 -1.3413142691E-012 -1.4690059662E-012 1.4366144452E-012 -2.5587109392E+000 -2.6635457942E-001 7.2248395833E-012 -5.2885176995E-013 2.6635457942E-001 -2.5587109392E+000
169.00 2.6424532800E+000 2.9947890120E-001 2.2262890456E-012 -7.3130600778E-012 2.9947890120E-001 2.6424532800E+000 1.9402918600E-012 -1.1993234057E-012 -1.3840650466E-012 1.6600946919E-012 -2.6154973331E+000 -2.2813466420E-001 7.3718296341E-012 -5.1912651505E-013 2.2813466420E-001 -2.6154973331E+000
170.00 2.6860040850E+000 2.5077373978E-001 2.0164605893E-012 -7.4686795771E-012 2.5077373978E-001 2.6860040850E+000 2.0894960114E-012 -1.0616820276E-012 -1.2936413224E-012 1.8783977711E-012 -2.6673812635E+000 -1.9185325458E-001 7.5140556220E-012 -5.0203182371E-013 1.9185325458E-001 -2.6673812635E+000
171.00 2.7266838513E+000 2.0554807018E-001 1.8042356813E-012 -7.6180058797E-012 2.0554807018E-001 2.7266838513E+000 2.2460461410E-012 -9.2928149971E-013 -1.1973301404E-012 2.0918165052E-012 -2.7143386422E+000 -1.5786244379E-001 7.6519173884E-012 -4.7827846409E-013 1.5786244379E-001 -2.7143386422E+000
172.00 2.7641327461E+000 1.6413582943E-001 1.5908342160E-012 -7.7604093131E-012 1.6413582943E-001 2.7641327461E+000 2.4086461862E-012 -8.0219760610E-013 -1.0946396896E-012 2.3001574319E-012 -2.7563542711E+000 -1.2649268707E-001 7.7847743583E-012 -4.4790053287E-013 1.2649268707E-001 -2.7563542711E+000
173.00 2.7980168683E+000 1.2684298035E-001 1.3775472842E-012 -7.8957072407E-012 1.2684298035E-001 2.7980168683E+000 2.5762419808E-012 -6.8075183019E-013 -9.8510755487E-013 2.5034962286E-012 -2.7934200471E+000 -9.8049446028E-002 7.9123663225E-012 -4.1121867267E-013 9.8049446028E-002 -2.7934200471E+000
174.00 2.8280320401E+000 9.3945182713E-002 1.1658353213E-012 -8.0234618523E-012 9.3945182713E-002 2.8280320401E+000 2.7478279499E-012 -5.6499340914E-013 -8.6847579650E-013 2.7020036661E-012 -2.8255332621E+000 -7.2810076568E-002 8.0341515973E-012 -3.6835063369E-013 7.2810076568E-002 -2.8255332621E+000
175.00 2.8539072634E+000 6.5685700990E-002 9.5696207985E-013 -8.1435743143E-012 6.5685700990E-002 2.8539072634E+000 2.9221649527E-012 -4.5521786192E-013 -7.4432153185E-013 2.8956541734E-012 -2.8526950266E+000 -5.1020995148E-002 8.1498654394E-012 -3.1968798774E-013 5.1020995148E-002 -2.8526950266E+000
176.00 2.8754077991E+000 4.2273562715E-002 7.5218259499E-013 -8.2558324946E-012 4.2273562715E-002 2.8754077991E+000 3.0982794925E-012 -3.5153734642E-013 -6.1225313602E-013 3.0847190170E-012 -2.8749088448E+000 -3.2895155060E-002 8.2591017145E-012 -2.6549783886E-013 3.2895155060E-002 -2.8749088448E+000
177.00 2.8923378364E+000 2.3881979677E-002 5.5288133199E-013 -8.3600205377E-012 2.3881979677E-002 2.8923378364E+000 3.2748895133E-012 -2.5401226222E-013 -4.7206750992E-013 3.2691778662E-012 -2.8921793658E+000 -1.8609861037E-002 8.3614186572E-012 -2.0602953924E-013 1.8609861037E-002 -2.8921793658E+000
178.00 2.9045427192E+000 1.0647042177E-002 3.6025989435E-013 -8.4560724185E-012 1.0647042177E-002 2.9045427192E+000 3.4508230868E-012 -1.6292033310E-013 -3.2343426371E-013 3.4491343612E-012 -2.9045113317E+000 -8.3049466945E-003 8.4564913872E-012 -1.4178694369E-013 8.3049466945E-003 -2.9045113317E+000
179.00 2.9119107048E+000 2.6666947711E-003 1.7557547375E-013 -8.5438690628E-012 2.6666947711E-003 2.9119107048E+000 3.6251010061E-012 -7.8208157544E-014 -1.6614885303E-013 3.6248905022E-012 -2.9119087399E+000 -2.0813352960E-003 8.5439219635E-012 -7.2974777621E-014 2.0813352960E-003 -2.9119087399E+000
180.00 2.9143742350E+000 8.9782781904E-016 -6.0790841028E-018 -8.6232504972E-012 8.9782781904E-016 2.9143742350E+000 3.7963753469E-012 9.8446564063E-018 6.0790841022E-018 3.7963753469E-012 -2.9143742350E+000 5.8606548434E-016 8.6232504972E-012 9.8446564097E-018 -5.8606548434E-016 -2.9143742350E+000
