theta s11 s12 s13 s14 s21 s22 s23 s24 s31 s32 s33 s34 s41 s42 s43 s44
0.00 1.4154797788E+02 0.0000000000E+00 0.0000000000E+00 -5.4378623975E-11 0.0000000000E+00 1.4154797788E+02 -4.4699850464E-11 0.0000000000E+00 0.0000000000E+00 4.4699850464E-11 1.4154797788E+02 0.0000000000E+00 -5.4378623975E-11 0.0000000000E+00 0.0000000000E+00 1.4154797788E+02
1.00 1.4140075332E+02 -5.8903788409E-03 -2.1360205695E-12 -5.0978006572E-11 -5.8903788409E-03 1.4140075332E+02 -4.2530243561E-11 -3.3819056580E-12 -2.1413799454E-12 4.2530570631E-11 1.4140075285E+02 9.9513430501E-03 -5.0977996920E-11 3.3810361087E-12 -9.9513430501E-03 1.4140075285E+02
2.00 1.4095992068E+02 -2.3466973166E-02 -4.2632738080E-12 -4.7538781303E-11 -2.3466973166E-02 1.4095992068E+02 -4.0297773426E-11 -6.7636072117E-12 -4.2833739670E-12 4.0300389603E-11 1.4095991314E+02 3.9706967185E-02 -4.7538703269E-11 6.7601696110E-12 -3.9706967185E-02 1.4095991314E+02
3.00 1.4022799582E+02 -5.2447619522E-02 -6.3718303759E-12 -4.4070138494E-11 -5.2447619522E-02 1.4022799582E+02 -3.8013383255E-11 -1.0136665323E-11 -6.4140114840E-12 3.8022203466E-11 1.4022795779E+02 8.8972730285E-02 -4.4069872128E-11 1.0129026476E-11 -8.8972730285E-02 1.4022795779E+02
4.00 1.3920914780E+02 -9.2366898519E-02 -8.4514051659E-12 -4.0580992278E-11 -9.2366898519E-02 1.3920914780E+02 -3.5687113843E-11 -1.3490671401E-11 -8.5209341580E-12 3.5707977113E-11 1.3920902833E+02 1.5726195861E-01 -4.0580352384E-11 1.3477270300E-11 -1.5726195861E-01 1.3920902833E+02
5.00 1.3790916315E+02 -1.4258333027E-01 -1.0492367990E-11 -3.7081578896E-11 -1.4258333027E-01 1.3790916315E+02 -3.3330077801E-11 -1.6817413227E-11 -1.0592428739E-11 3.3370701919E-11 1.3790887377E+02 2.4390074497E-01 -3.7080310757E-11 1.6796768745E-11 -2.4390074497E-01 1.3790887377E+02
6.00 1.3633539636E+02 -2.0228928139E-01 -1.2485784377E-11 -3.3580678968E-11 -2.0228928139E-01 1.3633539636E+02 -3.0952437148E-11 -2.0107211175E-11 -1.2617484070E-11 3.1022352999E-11 1.3633480205E+02 3.4803527363E-01 -3.3578449904E-11 2.0077930963E-11 -3.4803527363E-01 1.3633480205E+02
7.00 1.3449670713E+02 -2.7052342042E-01 -1.4421499861E-11 -3.0088430613E-11 -2.7052342042E-01 1.3449670713E+02 -2.8564429084E-11 -2.3351463161E-11 -1.4583899434E-11 2.8674897573E-11 1.3449561860E+02 4.6864108129E-01 -3.0084826448E-11 2.3312256003E-11 -4.6864108129E-01 1.3449561860E+02
8.00 1.3240338522E+02 -3.4618551714E-01 -1.6290099085E-11 -2.6612880862E-11 -3.4618551714E-01 1.3240338522E+02 -2.6177074782E-11 -2.6539696301E-11 -1.6480255897E-11 2.6340978475E-11 1.3240155253E+02 6.0453413925E-01 -2.6607394177E-11 2.6489376742E-11 -6.0453413925E-01 1.3240155253E+02
9.00 1.3006706346E+02 -4.2805334327E-01 -1.8082739052E-11 -2.3164664197E-11 -4.2805334327E-01 1.3006706346E+02 -2.3799724074E-11 -2.9665794095E-11 -1.8295779120E-11 2.4031467044E-11 1.3006417136E+02 7.5438362016E-01 -2.3156695059E-11 2.9603306195E-11 -7.5438362016E-01 1.3006417136E+02
10.00 1.2750062014E+02 -5.1480139833E-01 -1.9792034780E-11 -1.9750799831E-11 -5.1480139833E-01 1.2750062014E+02 -2.1443955691E-11 -3.2717340059E-11 -2.0021225794E-11 2.1759301910E-11 1.2749628515E+02 9.1672619214E-01 -1.9739619660E-11 3.2641747633E-11 -9.1672619214E-01 1.2749628515E+02
11.00 1.2471807163E+02 -6.0502115599E-01 -2.1408855446E-11 -1.6382020432E-11 -6.0502115599E-01 1.2471807163E+02 -1.9118649902E-11 -3.5689667098E-11 -2.1645722200E-11 1.9534612724E-11 1.2471184098E+02 1.0899816653E+00 -1.6366798413E-11 3.5600192587E-11 -1.0899816653E+00 1.2471184098E+02
12.00 1.2173445652E+02 -6.9724250277E-01 -2.2925668186E-11 -1.3066819360E-11 -6.9724250277E-01 1.2173445652E+02 -1.6833262123E-11 -3.8573859301E-11 -2.3160100887E-11 1.7367923498E-11 1.2172580900E+02 1.2724697997E+00 -1.3046591939E-11 3.8469889170E-11 -1.2724697997E+00 1.2172580900E+02
13.00 1.1856571240E+02 -7.8995602321E-01 -2.4336186406E-11 -9.8129539282E-12 -7.8995602321E-01 1.1856571240E+02 -1.4598145306E-11 -4.1361292237E-11 -2.4556572258E-11 1.5270485055E-11 1.1855406122E+02 1.4624280713E+00 -9.7866006671E-12 4.1242373697E-11 -1.4624280713E+00 1.1855406122E+02
14.00 1.1522854672E+02 -8.8163577454E-01 -2.5631998932E-11 -6.6284616725E-12 -8.8163577454E-01 1.1522854672E+02 -1.2420502910E-11 -4.4044613843E-11 -2.5825352170E-11 1.3250208663E-11 1.1521324418E+02 1.6580301811E+00 -6.5947287993E-12 4.3910502853E-11 -1.6580301811E+00 1.1521324418E+02
15.00 1.1174030292E+02 -9.7076218798E-01 -2.6810386012E-11 -3.5205830195E-12 -9.7076218798E-01 1.1174030292E+02 -1.0311677428E-11 -4.6616342295E-11 -2.6962526366E-11 1.1318985837E-11 1.1172064699E+02 1.8574050870E+00 -3.4779968819E-12 4.6466951776E-11 -1.8574050870E+00 1.1172064699E+02
16.00 1.0811882335E+02 -1.0558447351E+00 -2.7862541412E-11 -4.9771708199E-13 -1.0558447351E+00 1.0811882335E+02 -8.2768195507E-12 -4.9070008402E-11 -2.7958238335E-11 9.4822796689E-12 1.0809406593E+02 2.0586563328E+00 -4.4467279931E-13 4.8905518372E-11 -2.0586563328E+00 1.0809406593E+02
17.00 1.0438231031E+02 -1.1354440047E+00 -2.8785321449E-11 2.4353797171E-12 -1.1354440047E+00 1.0438231031E+02 -6.3253138736E-12 -5.1397592198E-11 -2.8808442958E-11 7.7495878705E-12 1.0435166702E+02 2.2598814456E+00 2.5007280346E-12 5.1218357922E-11 -2.2598814456E+00 1.0435166702E+02
18.00 1.0054918663E+02 -1.2081928480E+00 -2.9573693587E-11 5.2660087676E-12 -1.2081928480E+00 1.0054918663E+02 -4.4631476545E-12 -5.3598047422E-11 -2.9507538390E-11 6.1269303252E-12 1.0051184796E+02 2.4591911787E+00 5.3456464070E-12 5.3404753120E-11 -2.4591911787E+00 1.0051184796E+02
19.00 9.6637957120E+01 -1.2728162700E+00 -3.0224571513E-11 7.9935258289E-12 -1.2728162700E+00 9.6637957120E+01 -2.6971903210E-12 -5.5661082075E-11 -3.0051813675E-11 4.6208082333E-12 9.6593100749E+01 2.6547283776E+00 8.0897193684E-12 5.5454602252E-11 -2.6547283776E+00 9.6593100749E+01
20.00 9.2667072319E+01 -1.3281497673E+00 -3.0736143875E-11 1.0611241966E-11 -1.3281497673E+00 9.2667072319E+01 -1.0349718550E-12 -5.7581368402E-11 -3.0439169103E-11 3.2382749393E-12 9.2613876231E+01 2.8446862569E+00 1.0726534425E-11 5.7362804057E-11 -2.8446862569E+00 9.2613876231E+01
21.00 8.8654795761E+01 -1.3731558425E+00 -3.1102564942E-11 1.3110617407E-11 -1.3731558425E+00 8.8654795761E+01 5.2235113437E-13 -5.9357356313E-11 -3.0663665821E-11 1.9798555030E-12 8.8592452006E+01 3.0273258842E+00 1.3247642328E-11 5.9128261985E-11 -3.0273258842E+00 8.8592452006E+01
22.00 8.4619076003E+01 -1.4069384575E+00 -3.1326719113E-11 1.5486893957E-11 -1.4069384575E+00 8.4619076003E+01 1.9649000982E-12 -6.0984536706E-11 -3.0728331047E-11 8.5462882415E-13 8.4546804752E+01 3.2009926819E+00 1.5648685169E-11 6.0746593492E-11 -3.2009926819E+00 8.4546804752E+01
23.00 8.0577424575E+01 -1.4287552259E+00 -3.1403868397E-11 1.7738109650E-11 -1.4287552259E+00 8.0577424575E+01 3.2930057606E-12 -6.2456353771E-11 -3.0628509825E-11 -1.3895661066E-13 8.0494488179E+01 3.3641317704E+00 1.7927869674E-11 6.2211665668E-11 -3.3641317704E+00 8.0494488179E+01
24.00 7.6546800891E+01 -1.4380271821E+00 -3.1338362640E-11 1.9858016569E-11 -1.4380271821E+00 7.6546800891E+01 4.4987194070E-12 -6.3771196179E-11 -3.0369137468E-11 -9.9405547476E-13 7.6452517659E+01 3.5153019962E+00 2.0079386048E-11 6.3522029657E-11 -3.5153019962E+00 7.6452517659E+01
25.00 7.2543505086E+01 -1.4343460082E+00 -3.1126935165E-11 2.1841680606E-11 -1.4343460082E+00 7.2543505086E+01 5.5830195853E-12 -6.4927836006E-11 -2.9947561850E-11 -1.7130391632E-12 7.2437262478E+01 3.6531885039E+00 2.2098394108E-11 6.4676965539E-11 -3.6531885039E+00 7.2437262478E+01
26.00 6.8583079611E+01 -1.4174786419E+00 -3.0773781970E-11 2.3690341342E-11 -1.4174786419E+00 6.8583079611E+01 6.5404047436E-12 -6.5918954130E-11 -2.9368592094E-11 -2.2921799139E-12 6.8464346575E+01 3.7766137348E+00 2.3986669955E-11 6.5669231201E-11 -3.7766137348E+00 6.8464346575E+01
27.00 6.4680220328E+01 -1.3873692314E+00 -3.0276126918E-11 2.5395847498E-11 -1.3873692314E+00 6.4680220328E+01 7.3745347507E-12 -6.6748288220E-11 -2.8630580261E-11 -2.7366566531E-12 6.4548558503E+01 3.8845467545E+00 2.5735994055E-11 6.6503285921E-11 -3.8845467545E+00 6.4548558503E+01
28.00 6.0848697677E+01 -1.3441384487E+00 -2.9643055018E-11 2.6957718561E-11 -1.3441384487E+00 6.0848697677E+01 8.0780581746E-12 -6.7412922767E-11 -2.7743748076E-11 -3.0409180719E-12 6.0703771246E+01 3.9761108348E+00 2.7346603821E-11 6.7176134112E-11 -3.9761108348E+00 6.0703771246E+01
29.00 5.7101288424E+01 -1.2880802135E+00 -2.8872474118E-11 2.8372899387E-11 -1.2880802135E+00 5.7101288424E+01 8.6555869834E-12 -6.7913087482E-11 -2.6707241258E-11 -3.2115719244E-12 5.6942872389E+01 4.0505892381E+00 2.8815400458E-11 6.7688664494E-11 -4.0505892381E+00 5.6942872389E+01
30.00 5.3449718305E+01 -1.2196559202E+00 -2.7970558796E-11 2.9643251752E-11 -1.2196559202E+00 5.3449718305E+01 9.1057855944E-12 -6.8245624350E-11 -2.5528410294E-11 -3.2495103622E-12 5.3277705017E+01 4.1074291762E+00 3.0144755912E-11 6.8037877421E-11 -4.1074291762E+00 5.3277705017E+01
31.00 4.9904615792E+01 -1.1394863010E+00 -2.6941373414E-11 3.0765045566E-11 -1.1394863010E+00 4.9904615792E+01 9.4300202276E-12 -6.8413155639E-11 -2.4213004506E-11 -3.1580914737E-12 4.9719019596E+01 4.1462439389E+00 3.1331167851E-11 6.8226810275E-11 -4.1462439389E+00 4.9719019596E+01
32.00 4.6475477077E+01 -1.0483410917E+00 -2.5791952298E-11 3.1737354716E-11 -1.0483410917E+00 4.6475477077E+01 9.6281182656E-12 -6.8417241045E-11 -2.2769743616E-11 -2.9392422648E-12 4.6276436965E+01 4.1668132078E+00 3.2374172756E-11 6.8257191465E-11 -4.1668132078E+00 4.6276436965E+01
33.00 4.3170642206E+01 -9.4712669927E-01 -2.4523836574E-11 3.2561518164E-11 -9.4712669927E-01 4.3170642206E+01 9.7060445702E-12 -6.8258290241E-11 -2.1201674665E-11 -2.6013351477E-12 4.2958422435E+01 4.1690815980E+00 3.3275056016E-11 6.8130051221E-11 -4.1690815980E+00 4.2958422435E+01
34.00 3.9997282233E+01 -8.3687209884E-01 -2.3146730969E-11 3.3237674209E-11 -8.3687209884E-01 3.9997282233E+01 9.6638359593E-12 -6.7937942652E-11 -1.9520335304E-11 -2.1466418119E-12 3.9772270876E+01 4.1531554840E+00 3.4034572964E-11 6.7847086983E-11 -4.1531554840E+00 3.9772270876E+01
35.00 3.6961397104E+01 -7.1871320951E-01 -2.1665032928E-11 3.3767061984E-11 -7.1871320951E-01 3.6961397104E+01 9.5066701052E-12 -6.7458555184E-11 -1.7731873135E-11 -1.5826753498E-12 3.6724102570E+01 4.1192981934E+00 3.4654006939E-11 6.7411126513E-11 -4.1192981934E+00 3.6724102570E+01
36.00 3.4067823884E+01 -5.9387601942E-01 -2.0088036303E-11 3.4151360735E-11 -5.9387601942E-01 3.4067823884E+01 9.2364854114E-12 -6.6822539386E-11 -1.5847414797E-11 -9.1368047907E-13 3.3818869475E+01 4.0679236642E+00 3.5135542121E-11 6.6824635084E-11 -4.0679236642E+00 3.3818869475E+01
37.00 3.1320254860E+01 -4.6365874253E-01 -1.8420704290E-11 3.4391747177E-11 -4.6365874253E-01 3.1320254860E+01 8.8605227431E-12 -6.6034570488E-11 -1.3873832879E-11 -1.4901804773E-13 3.1060371464E+01 3.9995886802E+00 3.5480271284E-11 6.6092884830E-11 -3.9995886802E+00 3.1060371464E+01
38.00 2.8721264933E+01 -3.2941329924E-01 -1.6672943093E-11 3.4489779496E-11 -3.2941329924E-01 2.8721264933E+01 8.3815241699E-12 -6.5098599147E-11 -1.1823030256E-11 7.0642841201E-13 2.8451282009E+01 3.9149838143E+00 3.5690227310E-11 6.5219805013E-11 -3.9149838143E+00 2.8451282009E+01
39.00 2.6272347659E+01 -1.9252641650E-01 -1.4853351453E-11 3.4449960178E-11 -1.9252641650E-01 2.6272347659E+01 7.8047649489E-12 -6.4017167569E-11 -9.7052093295E-12 1.6450150413E-12 2.5993182681E+01 3.8149232194E+00 3.5770185382E-11 6.4208110623E-11 -3.8149232194E+00 2.5993182681E+01
40.00 2.3973959220E+01 -5.4400641702E-02 -1.2966729211E-11 3.4274279858E-11 -5.4400641702E-02 2.3973959220E+01 7.1396028213E-12 -6.2796303992E-11 -7.5271673508E-12 2.6555391548E-12 2.3686605790E+01 3.7003334181E+00 3.5721751979E-11 6.3064548852E-11 -3.7003334181E+00 2.3686605790E+01
41.00 2.1825569541E+01 8.3564441340E-02 -1.1025412743E-11 3.3966945884E-11 8.3564441340E-02 2.1825569541E+01 6.3889233640E-12 -6.1440047556E-11 -5.3029094975E-12 3.7330109256E-12 2.1531084395E+01 3.5722412514E+00 3.5549784710E-11 6.1792858147E-11 -3.5722412514E+00 2.1531084395E+01
42.00 1.9825719738E+01 2.1999051696E-01 -9.0392599123E-12 3.3530589431E-11 2.1999051696E-01 1.9825719738E+01 5.5581377586E-12 -5.9955469535E-11 -3.0441780207E-12 4.8704087984E-12 1.9525208903E+01 3.4317611485E+00 3.5257220484E-11 6.0400002561E-11 -3.4317611485E+00 1.9525208903E+01
43.00 1.7972085034E+01 3.5353810032E-01 -7.0138387804E-12 3.2972153203E-11 3.5353810032E-01 1.7972085034E+01 4.6581499106E-12 -5.8345637855E-11 -7.5780657137E-13 6.0547492726E-12 1.7666689392E+01 3.2800818867E+00 3.4850412605E-11 5.8889901823E-11 -3.2800818867E+00 1.7666689392E+01
44.00 1.6261542281E+01 4.8292311482E-01 -4.9599256684E-12 3.2293044680E-11 4.8292311482E-01 1.6261542281E+01 3.6941002520E-12 -5.6619792748E-11 1.5433419306E-12 7.2798525148E-12 1.5952422808E+01 3.1184530094E+00 3.4331141132E-11 5.7271446754E-11 -3.1184530094E+00 1.5952422808E+01
45.00 1.4690241177E+01 6.0693226325E-01 -2.8876583346E-12 3.1500142947E-11 6.0693226325E-01 1.4690241177E+01 2.6729389486E-12 -5.4782527790E-11 3.8480523310E-12 8.5370107292E-12 1.4378564129E+01 2.9481710690E+00 3.3706374272E-11 5.5549248405E-11 -2.9481710690E+00 1.4378564129E+01
46.00 1.3253678306E+01 7.2443699727E-01 -8.0586555105E-13 3.0598327568E-11 7.2443699727E-01 1.3253678306E+01 1.6025028685E-12 -5.2841172495E-11 6.1460898182E-12 9.8172786901E-12 1.2940600624E+01 2.7705658571E+00 3.2980875960E-11 5.3730662522E-11 -2.7705658571E+00 1.2940600624E+01
47.00 1.1946773114E+01 8.3440591756E-01 1.2769919990E-12 2.9594178624E-11 8.3440591756E-01 1.1946773114E+01 4.9137078794E-13 -5.0801429767E-11 8.4279234403E-12 1.1110833726E-11 1.1633428299E+01 2.5869867811E+00 3.2160857055E-11 5.1821622790E-11 -2.5869867811E+00 1.1633428299E+01
48.00 1.0763944972E+01 9.3591546693E-01 3.3503825165E-12 2.8491553210E-11 9.3591546693E-01 1.0763944972E+01 -6.5383843371E-13 -4.8672724165E-11 1.0681654076E-11 1.2410532892E-11 1.0451429680E+01 2.3987895366E+00 3.1250463932E-11 4.9831072817E-11 -2.3987895366E+00 1.0451429680E+01
49.00 9.6991904868E+00 1.0281588098E+00 5.4060398818E-12 2.7297549085E-11 1.0281588098E+00 9.6991904868E+00 -1.8243746427E-12 -4.6461362771E-11 1.2898207375E-11 1.3706802311E-11 9.3885520597E+00 2.2073232167E+00 3.0256345542E-11 4.7765457075E-11 -2.2073232167E+00 9.3885520597E+00
50.00 8.7461602797E+00 1.1104528233E+00 7.4349712118E-12 2.6018925699E-11 1.1104528233E+00 8.7461602797E+00 -3.0124910819E-12 -4.4174537560E-11 1.5067904737E-11 1.4991339030E-11 8.4383854205E+00 2.0139179876E+00 2.9184956335E-11 4.5631839358E-11 -2.0139179876E+00 8.4383854205E+00
51.00 7.8982344860E+00 1.1822431577E+00 9.4273705588E-12 2.4661921055E-11 1.1822431577E+00 7.8982344860E+00 -4.2113103163E-12 -4.1819985378E-11 1.7180396279E-11 1.6256821109E-11 7.5942392468E+00 1.8198734503E+00 2.8042424391E-11 4.3437541313E-11 -1.8198734503E+00 7.5942392468E+00
52.00 7.1485962809E+00 1.2431073545E+00 1.1375509302E-11 2.3232005556E-11 1.2431073545E+00 7.1485962809E+00 -5.4122537306E-12 -3.9407118290E-11 1.9227152784E-11 1.7495006523E-11 6.8492175081E+00 1.6264477917E+00 2.6833948065E-11 4.1191674985E-11 -1.6264477917E+00 6.8492175081E+00
53.00 6.4903027996E+00 1.2927560439E+00 1.3270952048E-11 2.1737340011E-11 1.2927560439E+00 6.4903027996E+00 -6.6077891572E-12 -3.6942195567E-11 2.1199708320E-11 1.8698089891E-11 6.1962911475E+00 1.4348478165E+00 2.5567037823E-11 3.8900399254E-11 -1.4348478165E+00 6.1962911475E+00
54.00 5.9163528786E+00 1.3310322690E+00 1.5105718044E-11 2.0184585179E-11 1.3310322690E+00 5.9163528786E+00 -7.7904880992E-12 -3.4433792431E-11 2.3089903320E-11 1.9859061353E-11 5.6283674678E+00 1.2462199366E+00 2.4247976066E-11 3.6571891259E-11 -1.2462199366E+00 5.6283674678E+00
55.00 5.4197511101E+00 1.3579090156E+00 1.6872021642E-11 1.8580445519E-11 1.3579090156E+00 5.4197511101E+00 -8.9530721386E-12 -3.1890059420E-11 2.4889902707E-11 2.0971096995E-11 5.1383558740E+00 1.0616421774E+00 2.2883004175E-11 3.4213850240E-11 -1.0616421774E+00 5.1383558740E+00
56.00 4.9935677704E+00 1.3734850490E+00 1.8562559719E-11 1.6931797957E-11 1.3734850490E+00 4.9935677704E+00 -1.0088633243E-11 -2.9319276112E-11 2.6592588182E-11 2.2027965199E-11 4.7192294982E+00 8.8211724884E-01 2.1478482297E-11 3.1834034685E-11 -8.8211724884E-01 4.7192294982E+00
57.00 4.6309942526E+00 1.3779791842E+00 2.0170824790E-11 1.5245601338E-11 1.3779791842E+00 4.6309942526E+00 -1.1189985283E-11 -2.6729529942E-11 2.8191660834E-11 2.3023391480E-11 4.3640823038E+00 7.0856670898E-01 2.0040720961E-11 2.9440052491E-11 -7.0856670898E-01 4.3640823038E+00
58.00 4.3253937022E+00 1.3717231332E+00 2.1689977968E-11 1.3529289188E-11 1.3717231332E+00 4.3253937022E+00 -1.2250992655E-11 -2.4128585114E-11 2.9680892428E-11 2.3952091314E-11 4.0661813355E+00 5.4182623765E-01 1.8576484449E-11 2.7039177168E-11 -5.4182623765E-01 4.0661813355E+00
59.00 4.0703466259E+00 1.3551530926E+00 2.3114342413E-11 1.1789557091E-11 1.3551530926E+00 4.0703466259E+00 -1.3265299702E-11 -2.1524550748E-11 3.1055116853E-11 2.4808943281E-11 3.8190138565E+00 3.8264201921E-01 1.7091755954E-11 2.4638845694E-11 -3.8264201921E-01 3.8190138565E+00
60.00 3.8596913099E+00 1.3288002469E+00 2.4438761377E-11 1.0034067678E-11 1.3288002469E+00 3.8596913099E+00 -1.4226649253E-11 -1.8924679326E-11 3.2309811198E-11 2.5589035709E-11 3.6163291811E+00 2.3166822205E-01 1.5593261299E-11 2.2245907800E-11 -2.3166822205E-01 3.6163291811E+00
61.00 3.6875589504E+00 1.2932803723E+00 2.5657657145E-11 8.2687892996E-12 1.2932803723E+00 3.6875589504E+00 -1.5130304006E-11 -1.6337581710E-11 3.3440396085E-11 2.6288913180E-11 3.4521750835E+00 8.9465547898E-02 1.4086469317E-11 1.9867968712E-11 -8.9465547898E-02 3.4521750835E+00
62.00 3.5484034656E+00 1.2492827337E+00 2.6767120878E-11 6.5008758517E-12 1.2492827337E+00 3.5484034656E+00 -1.5970661221E-11 -1.3770404306E-11 3.4443769219E-11 2.6904615942E-11 3.3209287296E+00 -4.3499187387E-02 1.2577546256E-11 1.7511580640E-11 4.3499187387E-02 3.3209287296E+00
63.00 3.4370260130E+00 1.1975584710E+00 2.7762612151E-11 4.7373962320E-12 1.1975584710E+00 3.4370260130E+00 -1.6743818853E-11 -1.1230082435E-11 3.5316650775E-11 2.7433672558E-11 3.2173221425E+00 -1.6685249149E-01 1.1072533004E-11 1.5183052520E-11 1.6685249149E-01 3.2173221425E+00
64.00 3.3485942971E+00 1.1389086693E+00 2.8641824281E-11 2.9843646630E-12 1.1389086693E+00 3.3485942971E+00 -1.7444502416E-11 -8.7242140020E-12 3.6057529054E-11 2.7872814615E-11 3.1364622735E+00 -2.8031271119E-01 9.5766792517E-12 1.2889004473E-11 2.8031271119E-01 3.1364622735E+00
65.00 3.2786568024E+00 1.0741723058E+00 2.9401106750E-11 1.2483320294E-12 1.0741723058E+00 3.2786568024E+00 -1.8069931008E-11 -6.2596464330E-12 3.6664234482E-11 2.8220745021E-11 3.0738458059E+00 -3.8368769412E-01 8.0955286306E-12 1.0635572082E-11 3.8368769412E-01 3.0738458059E+00
66.00 3.2231521328E+00 1.0042142588E+00 3.0038810168E-11 -4.6420174804E-13 1.0042142588E+00 3.2231521328E+00 -1.8616359021E-11 -3.8426079206E-12 3.7136186955E-11 2.8475730240E-11 3.0253688704E+00 -4.7687167204E-01 6.6344982171E-12 8.4282023399E-12 4.7687167204E-01 3.0253688704E+00
67.00 3.1784136839E+00 9.2991355627E-01 3.0552620272E-11 -2.1484785342E-12 9.2991355627E-01 3.1784136839E+00 -1.9081652466E-11 -1.4806069406E-12 3.7472683489E-11 2.8637140849E-11 2.9873318996E+00 -5.5984144698E-01 5.1975624943E-12 6.2732702781E-12 5.5984144698E-01 2.9873318996E+00
68.00 3.1411699077E+00 8.5215202888E-01 3.0942574058E-11 -3.7976692680E-12 8.5215202888E-01 3.1411699077E+00 -1.9462507796E-11 8.2129098817E-13 3.7674677648E-11 2.8703916480E-11 2.9564398859E+00 -6.3265196587E-01 3.7903593862E-12 4.1751510453E-12 6.3265196587E-01 2.9564398859E+00
69.00 3.1085404652E+00 7.7180351886E-01 3.1207500072E-11 -5.4064786507E-12 7.7180351886E-01 3.1085404652E+00 -1.9757906838E-11 3.0572884758E-12 3.7742564750E-11 2.8676693262E-11 2.9297983477E+00 -6.9543137239E-01 2.4170537005E-12 2.1387915547E-12 6.9543137239E-01 2.9297983477E+00
70.00 3.0780285851E+00 6.8972378032E-01 3.1347941533E-11 -6.9697817154E-12 6.8972378032E-01 3.0780285851E+00 -1.9966175088E-11 5.2218720043E-12 3.7678131407E-11 2.8555704095E-11 2.9049053340E+00 -7.4837562629E-01 1.0818109979E-12 1.6871374121E-13 7.4837562629E-01 2.9049053340E+00
71.00 3.0475099718E+00 6.0674118949E-01 3.1363893442E-11 -8.4830998055E-12 6.0674118949E-01 3.0475099718E+00 -2.0087148990E-11 7.3095160296E-12 3.7482926182E-11 2.8342301349E-11 2.8796398258E+00 -7.9174278093E-01 -2.1199855665E-13 -1.7304443852E-12 7.9174278093E-01 2.8796398258E+00
72.00 3.0152186177E+00 5.2364836461E-01 3.1257119472E-11 -9.9409766494E-12 5.2364836461E-01 3.0152186177E+00 -2.0120019507E-11 9.3163357531E-12 3.7159705614E-11 2.8037685230E-11 2.8522469075E+00 -8.2584700836E-01 -1.4600664931E-12 -3.5556272079E-12 8.2584700836E-01 2.8522469075E+00
73.00 2.9797298891E+00 4.4119477579E-01 3.1029623125E-11 -1.1339804210E-11 4.4119477579E-01 2.9797298891E+00 -2.0064868239E-11 1.1237423301E-11 3.6711861538E-11 2.7643490297E-11 2.8213200975E+00 -8.5105245955E-01 -2.6596506874E-12 -5.3030097741E-12 8.5105245955E-01 2.8213200975E+00
74.00 2.9399412598E+00 3.6008040557E-01 3.0683143975E-11 -1.2676012446E-11 3.6008040557E-01 2.9399412598E+00 -1.9922767466E-11 1.3068357643E-11 3.6142522154E-11 2.7162099085E-11 2.7857812316E+00 -8.6776704376E-01 -3.8083040389E-12 -6.9690372275E-12 8.6776704376E-01 2.7857812316E+00
75.00 2.8950510679E+00 2.8095050057E-01 3.0220402230E-11 -1.3944860043E-11 2.8095050057E-01 2.8950510679E+00 -1.9695202558E-11 1.4806683851E-11 3.5455285140E-11 2.6596710146E-11 2.7448582983E+00 -8.7643620662E-01 -4.9025232361E-12 -8.5518445773E-12 8.7643620662E-01 2.7448582983E+00
76.00 2.8445356676E+00 2.0439143516E-01 2.9645513717E-11 -1.5143747240E-11 2.0439143516E-01 2.8445356676E+00 -1.9382773744E-11 1.6448515118E-11 3.4655359816E-11 2.5949174942E-11 2.6980616195E+00 -8.7753678163E-01 -5.9403802128E-12 -1.0048801149E-11 8.7753678163E-01 2.6980616195E+00
77.00 2.7881253433E+00 1.3092768863E-01 2.8961581894E-11 -1.6269410033E-11 1.3092768863E-01 2.7881253433E+00 -1.8988404621E-11 1.7991621503E-11 3.3746833916E-11 2.5223656207E-11 2.6451587649E+00 -8.7157098338E-01 -6.9198094547E-12 -1.1458217816E-11 8.7157098338E-01 2.6451587649E+00
78.00 2.7257793404E+00 6.1019918987E-02 2.8172722378E-11 -1.7319788497E-11 6.1019918987E-02 2.7257793404E+00 -1.8514427217E-11 1.9432947836E-11 3.2734822776E-11 2.4423332717E-11 2.5861485765E+00 -8.5906060451E-01 -7.8396585984E-12 -1.2777942133E-11 8.5906060451E-01 2.5861485765E+00
79.00 2.6576603539E+00 -4.9359006696E-03 2.7283906940E-11 -1.8292192457E-11 -4.9359006696E-03 2.6576603539E+00 -1.7963563159E-11 2.0771081089E-11 3.1624894369E-11 2.3551999691E-11 2.5212346636E+00 -8.4054147093E-01 -8.6980699460E-12 -1.4007326775E-11 8.4054147093E-01 2.5212346636E+00
80.00 2.5841088006E+00 -6.6608333404E-02 2.6300179720E-11 -1.9185030193E-11 -6.6608333404E-02 2.5841088006E+00 -1.7338992939E-11 2.2004328575E-11 3.0422825768E-11 2.2613514885E-11 2.4507987116E+00 -8.1655820269E-01 -9.4942622860E-12 -1.5145448294E-11 8.1655820269E-01 2.4507987116E+00
81.00 2.5056171798E+00 -1.2372938159E-01 2.5226319456E-11 -1.9996998166E-11 -1.2372938159E-01 2.5056171798E+00 -1.6644922838E-11 2.3131262289E-11 2.9134002794E-11 2.1612534554E-11 2.3753739259E+00 -7.8765931970E-01 -1.0227920869E-11 -1.6191369822E-11 7.8765931970E-01 2.3753739259E+00
82.00 2.4228048058E+00 -1.7609251906E-01 2.4068410754E-11 -2.0726457140E-11 -1.7609251906E-01 2.4228048058E+00 -1.5884973458E-11 2.4151682401E-11 2.7764726110E-11 2.0553260508E-11 2.2956189078E+00 -7.5439272399E-01 -1.0898029254E-11 -1.7145619347E-11 7.5439272399E-01 2.2956189078E+00
83.00 2.3363931747E+00 -2.2354993993E-01 2.2832436839E-11 -2.1372708044E-11 -2.2354993993E-01 2.3363931747E+00 -1.5063430158E-11 2.5065317063E-11 2.6321272509E-11 1.9440213555E-11 2.2122922346E+00 -7.1730158217E-01 -1.1504541878E-11 -1.8008503373E-11 7.1730158217E-01 2.2122922346E+00
84.00 2.2471822001E+00 -2.6600912052E-01 2.1524595520E-11 -2.1935908371E-11 -2.6600912052E-01 2.2471822001E+00 -1.4184891315E-11 2.5871579196E-11 2.4810182432E-11 1.8277816387E-11 2.1262279881E+00 -6.7692062381E-01 -1.2048276470E-11 -1.8779909736E-11 6.7692062381E-01 2.1262279881E+00
85.00 2.1560275298E+00 -3.0342879750E-01 2.0151319403E-11 -2.2415243691E-11 -3.0342879750E-01 2.1560275298E+00 -1.3254314107E-11 2.6571674409E-11 2.3237634379E-11 1.7071151299E-11 2.0383124467E+00 -6.3377286451E-01 -1.2528937459E-11 -1.9461490659E-11 6.3377286451E-01 2.0383124467E+00
86.00 2.0638191270E+00 -3.3581446979E-01 1.8719494806E-11 -2.2811267438E-11 -3.3581446979E-01 2.0638191270E+00 -1.2276483835E-11 2.7166193002E-11 2.1610522699E-11 1.5824593580E-11 1.9494621291E+00 -5.8836675469E-01 -1.2947477084E-11 -2.0054295846E-11 5.8836675469E-01 1.9494621291E+00
87.00 1.9714612745E+00 -3.6321353450E-01 1.7235485505E-11 -2.3124690198E-11 -3.6321353450E-01 1.9714612745E+00 -1.1257183438E-11 2.7656182977E-11 1.9934938089E-11 1.4543459495E-11 1.8606033461E+00 -5.4119374873E-01 -1.3305182653E-11 -2.0559494315E-11 5.4119374873E-01 1.8606033461E+00
88.00 1.8798541331E+00 -3.8571016733E-01 1.5706622990E-11 -2.3356136493E-11 -3.8571016733E-01 1.8798541331E+00 -1.0201477436E-11 2.8043495834E-11 1.8217782740E-11 1.3232232519E-11 1.7726533893E+00 -4.9272628311E-01 -1.3602821634E-11 -2.0979348650E-11 4.9272628311E-01 1.7726533893E+00
89.00 1.7898769590E+00 -4.0342005672E-01 1.4139955452E-11 -2.3507171726E-11 -4.0342005672E-01 1.7898769590E+00 -9.1149247670E-12 2.8329732905E-11 1.6465730474E-11 1.1895570294E-11 1.6865034561E+00 -4.4341614601E-01 -1.3842243699E-11 -2.1315570724E-11 4.4341614601E-01 1.6865034561E+00
90.00 1.7023730595E+00 -4.1648509732E-01 1.2542189505E-11 -2.3579133428E-11 -4.1648509732E-01 1.7023730595E+00 -8.0036604283E-12 2.8517205831E-11 1.4684716834E-11 1.0538794316E-11 1.6030033839E+00 -3.9369321662E-01 -1.4025058892E-11 -2.1570455667E-11 3.9369321662E-01 1.6030033839E+00
91.00 1.6181365421E+00 -4.2506814371E-01 1.0920947372E-11 -2.3573757175E-11 -4.2506814371E-01 1.6181365421E+00 -6.8728681124E-12 2.8608595200E-11 1.2881746375E-11 9.1659414858E-12 1.5229482368E+00 -3.4396454764E-01 -1.4152871961E-11 -2.1746898805E-11 3.4396454764E-01 1.5229482368E+00
92.00 1.5379008852E+00 -4.2934791830E-01 9.2830795522E-12 -2.3493249872E-11 -4.2934791830E-01 1.5379008852E+00 -5.7287381450E-12 2.8606447446E-11 1.1062799613E-11 7.7819902424E-12 1.4470667674E+00 -2.9461376123E-01 -1.4228036033E-11 -2.1847244522E-11 2.9461376123E-01 1.4470667674E+00
93.00 1.4623293403E+00 -4.2951415983E-01 7.6358614962E-12 -2.3339756829E-11 -4.2951415983E-01 1.4623293403E+00 -4.5768264401E-12 2.8514139078E-11 9.2342581618E-12 6.3911876496E-12 1.3760117474E+00 -2.4600072578E-01 -1.4252458633E-11 -2.1874863641E-11 2.4600072578E-01 1.3760117474E+00
94.00 1.3920071504E+00 -4.2576308928E-01 5.9862756897E-12 -2.3116104945E-11 -4.2576308928E-01 1.3920071504E+00 -3.4230117993E-12 2.8334703589E-11 7.4021590163E-12 4.9979139384E-12 1.3103521435E+00 -1.9846147899E-01 -1.4228899541E-11 -2.1832476481E-11 1.9846147899E-01 1.3103521435E+00
95.00 1.3274355504E+00 -4.1829326043E-01 4.3410063002E-12 -2.2824728160E-11 -4.1829326043E-01 1.3274355504E+00 -2.2731866863E-12 2.8071948085E-11 5.5719965548E-12 3.6066807709E-12 1.2505670921E+00 -1.5230836147E-01 -1.4159485999E-11 -2.1723699936E-11 1.5230836147E-01 1.2505670921E+00
96.00 1.2690274991E+00 -4.0730185098E-01 2.7071764562E-12 -2.2468827977E-11 -4.0730185098E-01 1.2690274991E+00 -1.1327163567E-12 2.7729523529E-11 3.7499307840E-12 2.2211011069E-12 1.1970416103E+00 -1.0783032451E-01 -1.4047062289E-11 -2.1551824428E-11 1.0783032451E-01 1.1970416103E+00
97.00 1.2171050722E+00 -3.9298143926E-01 1.0912559021E-12 -2.2051635528E-11 -3.9298143926E-01 1.2171050722E+00 -7.3961692133E-15 2.7311270825E-11 1.9411848562E-12 8.4536787011E-13 1.1500639635E+00 -6.5293375945E-02 -1.3894521461E-11 -2.1320210559E-11 6.5293375945E-02 1.1500639635E+00
98.00 1.1718984338E+00 -3.7551729944E-01 -5.0031622919E-13 -2.1576030640E-11 -3.7551729944E-01 1.1718984338E+00 1.0974527528E-12 2.6821775106E-11 1.5100365554E-13 -5.1687004179E-13 1.1098245974E+00 -2.4941128968E-02 -1.3704066205E-11 -2.1033156822E-11 2.4941128968E-02 1.1098245974E+00
99.00 1.1335462904E+00 -3.5508523699E-01 -2.0613112231E-12 -2.1045831166E-11 -3.5508523699E-01 1.1335462904E+00 2.1766276091E-12 2.6264878773E-11 -1.6155396681E-12 -1.8621801191E-12 1.0764165309E+00 1.3004579805E-02 -1.3479116414E-11 -2.0693824784E-11 -1.3004579805E-02 1.0764165309E+00
100.00 1.1020977190E+00 -3.3184997390E-01 -3.5857809825E-12 -2.0464479829E-11 -3.3184997390E-01 1.1020977190E+00 3.2249272877E-12 2.5645146485E-11 -3.3537591779E-12 -3.1870745650E-12 1.0498370960E+00 4.8343034669E-02 -1.3222417560E-11 -2.0306243296E-11 -4.8343034669E-02 1.0498370960E+00
101.00 1.0775152529E+00 -3.0596408244E-01 -5.0679825125E-12 -1.9835783283E-11 -3.0596408244E-01 1.0775152529E+00 4.2376003589E-12 2.4967017631E-11 -5.0590822561E-12 -4.4885431497E-12 1.0299909053E+00 8.0893976499E-02 -1.2937103667E-11 -1.9874164787E-11 -8.0893976499E-02 1.0299909053E+00
102.00 1.0596791015E+00 -2.7756745532E-01 -6.5025201130E-12 -1.9163230054E-11 -2.7756745532E-01 1.0596791015E+00 5.2099529270E-12 2.4235318605E-11 -6.7272812834E-12 -5.7636147023E-12 1.0166939208E+00 1.1049695575E-01 -1.2625820147E-11 -1.9401817360E-11 -1.1049695575E-01 1.0166939208E+00
103.00 1.0483923741E+00 -2.4678728981E-01 -7.8840773197E-12 -1.8450924947E-11 -2.4678728981E-01 1.0483923741E+00 6.1378350605E-12 2.3454384333E-11 -8.3541456971E-12 -7.0098233131E-12 1.0096784958E+00 1.3701072532E-01 -1.2291989536E-11 -1.8892670306E-11 -1.3701072532E-01 1.0096784958E+00
104.00 1.0433871741E+00 -2.1373855461E-01 -9.2082935581E-12 -1.7702494446E-11 -2.1373855461E-01 1.0433871741E+00 7.0167214461E-12 2.2629167116E-11 -9.9364745276E-12 -8.2241714913E-12 1.0085992594E+00 1.6031269213E-01 -1.1938227288E-11 -1.8351032790E-11 -1.6031269213E-01 1.0085992594E+00
105.00 1.0443314277E+00 -1.7852489969E-01 -1.0470406737E-11 -1.6921971324E-11 -1.7852489969E-01 1.0443314277E+00 7.8431057243E-12 2.1764253806E-11 -1.1470459028E-11 -9.4047500956E-12 1.0130397143E+00 1.8029844233E-01 -1.1567739333E-11 -1.7780585469E-11 -1.8029844233E-01 1.0130397143E+00
106.00 1.0508363121E+00 -1.4123996221E-01 -1.1666443977E-11 -1.6113005518E-11 -1.4123996221E-01 1.0508363121E+00 8.6134364433E-12 2.0864514114E-11 -1.2953026495E-11 -1.0549459180E-11 1.0225194187E+00 1.9688135102E-01 -1.1183180041E-11 -1.7185391963E-11 -1.9688135102E-01 1.0225194187E+00
107.00 1.0624641462E+00 -1.0196901575E-01 -1.2792527539E-11 -1.5279902520E-11 -1.0196901575E-01 1.0624641462E+00 9.3245830444E-12 1.9934336718E-11 -1.4381229066E-11 -1.1656452267E-11 1.0365016270E+00 2.0999228323E-01 -1.0787939422E-11 -1.6568885130E-11 -2.0999228323E-01 1.0365016270E+00
108.00 1.0787366128E+00 -6.0790905167E-02 -1.3845525936E-11 -1.4426176459E-11 -6.0790905167E-02 1.0787366128E+00 9.9735629693E-12 1.8978591592E-11 -1.5752620560E-11 -1.2723985425E-11 1.0544012697E+00 2.1957938880E-01 -1.0384441376E-11 -1.5935106324E-11 -2.1957938880E-01 1.0544012697E+00
109.00 1.0991431819E+00 -1.7780205939E-02 -1.4822468228E-11 -1.3555787606E-11 -1.7780205939E-02 1.0991431819E+00 1.0557847082E-11 1.8001777628E-11 -1.7064883990E-11 -1.3750597744E-11 1.0755931543E+00 2.2560798981E-01 -9.9756139142E-12 -1.5287622152E-11 -2.2560798981E-01 1.0755931543E+00
110.00 1.1231496126E+00 2.6990455406E-02 -1.5720772421E-11 -1.2672316955E-11 2.6990455406E-02 1.1231496126E+00 1.1075386503E-11 1.7008424904E-11 -1.8315904308E-11 -1.4735178438E-11 1.0994202793E+00 2.2806055550E-01 -9.5639837647E-12 -1.4630005259E-11 -2.2806055550E-01 1.0994202793E+00
111.00 1.1502064133E+00 7.3447984126E-02 -1.6538161523E-11 -1.1779599407E-11 7.3447984126E-02 1.1502064133E+00 1.1524438201E-11 1.6002948772E-11 -1.9503825068E-11 -1.5676748480E-11 1.1252021577E+00 2.2693675573E-01 -9.1523289886E-12 -1.3965714153E-11 -2.2693675573E-01 1.1252021577E+00
112.00 1.1797571518E+00 1.2151636753E-01 -1.7273207854E-11 -1.0881075007E-11 1.2151636753E-01 1.1797571518E+00 1.1903279855E-11 1.4989569645E-11 -2.0627404128E-11 -1.6574194322E-11 1.1522430539E+00 2.2225358111E-01 -8.7429380819E-12 -1.3298068152E-11 -2.2225358111E-01 1.1522430539E+00
113.00 1.2112465100E+00 1.7111425534E-01 -1.7924483895E-11 -9.9800810169E-12 1.7111425534E-01 1.2112465100E+00 1.2210884357E-11 1.3972707198E-11 -2.1685277739E-11 -1.7426961118E-11 1.1798400473E+00 2.1404551474E-01 -8.3381058942E-12 -1.2630495237E-11 -2.1404551474E-01 1.1798400473E+00
114.00 1.2441279894E+00 2.2215263033E-01 -1.8490628310E-11 -9.0802826175E-12 2.2215263033E-01 1.2441279894E+00 1.2446988076E-11 1.2955987714E-11 -2.2676142472E-11 -1.8234887933E-11 1.2072908414E+00 2.0236473800E-01 -7.9404138146E-12 -1.1965648043E-11 -2.0236473800E-01 1.2072908414E+00
115.00 1.2778711816E+00 2.7453262585E-01 -1.8971743771E-11 -8.1846072608E-12 2.7453262585E-01 1.2778711816E+00 1.2610552038E-11 1.1943542094E-11 -2.3599727933E-11 -1.8997121324E-11 1.2339012480E+00 1.8728135080E-01 -7.5516390097E-12 -1.1306774712E-11 -1.8728135080E-01 1.2339012480E+00
116.00 1.3119685279E+00 3.2814354239E-01 -1.9367551686E-11 -7.2962474556E-12 3.2814354239E-01 1.3119685279E+00 1.2701814413E-11 1.0938999776E-11 -2.4455424895E-11 -1.9713730193E-11 1.2589922829E+00 1.6888358514E-01 -7.1739036532E-12 -1.0656550219E-11 -1.6888358514E-01 1.2589922829E+00
117.00 1.3459415016E+00 3.8286110998E-01 -1.9677794335E-11 -6.4180149678E-12 3.8286110998E-01 1.3459415016E+00 1.2721575144E-11 9.9459497660E-12 -2.5242532282E-11 -2.0385044442E-11 1.2819068180E+00 1.4727798949E-01 -6.8090133726E-12 -1.0017581899E-11 -1.4727798949E-01 1.2819068180E+00
118.00 1.3793461574E+00 4.3854603746E-01 -1.9903571162E-11 -5.5528456073E-12 4.3854603746E-01 1.3793461574E+00 1.2670075062E-11 8.9674962152E-12 -2.5961359025E-11 -2.1010831539E-11 1.3020157427E+00 1.2258956122E-01 -6.4587272599E-12 -9.3921685143E-12 -1.2258956122E-01 1.3020157427E+00
119.00 1.4117780006E+00 4.9504288288E-01 -2.0046184659E-11 -4.7033737377E-12 4.9504288288E-01 1.4117780006E+00 1.2548119351E-11 8.0067516311E-12 -2.6612265803E-11 -2.1591248357E-11 1.3187235961E+00 9.4961803959E-02 -6.1246012714E-12 -8.7825709982E-12 -9.4961803959E-02 1.3187235961E+00
120.00 1.4428761432E+00 5.5217927271E-01 -2.0106456048E-11 -3.8712207042E-12 5.5217927271E-01 1.4428761432E+00 1.2357567521E-11 7.0674067439E-12 -2.7195154735E-11 -2.2127072146E-11 1.3314736383E+00 6.4556687425E-02 -5.8075039482E-12 -8.1913374956E-12 -6.4556687425E-02 1.3314736383E+00
121.00 1.4723267178E+00 6.0976549000E-01 -2.0086598995E-11 -3.0594884875E-12 6.0976549000E-01 1.4723267178E+00 1.2099613795E-11 6.1513641552E-12 -2.7710946513E-11 -2.2618463339E-11 1.3397523374E+00 3.1554488115E-02 -5.5092656180E-12 -7.6198219448E-12 -3.1554488115E-02 1.3397523374E+00
122.00 1.4998655372E+00 6.6759444461E-01 -1.9987886154E-11 -2.2699208561E-12 6.6759444461E-01 1.4998655372E+00 1.1777000440E-11 5.2613721053E-12 -2.8159832898E-11 -2.3066547690E-11 1.3430932550E+00 -3.8465092453E-03 -5.2307283089E-12 -7.0698463462E-12 3.8465092453E-03 1.3430932550E+00
123.00 1.5252799901E+00 7.2544203105E-01 -1.9813315383E-11 -1.5043362754E-12 7.2544203105E-01 1.5252799901E+00 1.1391419631E-11 4.3997591627E-12 -2.8543140986E-11 -2.3471702903E-11 1.3410803198E+00 -4.1430467678E-02 -4.9727520596E-12 -6.5429466633E-12 4.1430467678E-02 1.3410803198E+00
124.00 1.5484101790E+00 7.8306787241E-01 -1.9565883065E-11 -7.6437470257E-13 7.8306787241E-01 1.5484101790E+00 1.0945041665E-11 3.5686512707E-12 -2.8862079064E-11 -2.3834517139E-11 1.3333504861E+00 -8.0964627196E-02 -4.7360909719E-12 -6.0404568068E-12 8.0964627196E-02 1.3333504861E+00
125.00 1.5691493104E+00 8.4021644192E-01 -1.9247702881E-11 -5.1693824167E-14 8.4021644192E-01 1.5691493104E+00 1.0441545856E-11 2.7696613925E-12 -2.9117376089E-11 -2.4156442453E-11 1.3195957788E+00 -1.2220012038E-01 -4.5213673218E-12 -5.5633448959E-12 1.2220012038E-01 1.3195957788E+00
126.00 1.5874433579E+00 8.9661854670E-01 -1.8862942093E-11 6.3309574209E-13 8.9661854670E-01 1.5874433579E+00 9.8830203589E-12 2.0051508773E-12 -2.9310940647E-11 -2.4437887700E-11 1.2995647330E+00 -1.6487298437E-01 -4.3287063362E-12 -5.1129161678E-12 1.6487298437E-01 1.2995647330E+00
127.00 1.6032900263E+00 9.5199315270E-01 -1.8413811097E-11 1.2875000896E-12 9.5199315270E-01 1.6032900263E+00 9.2739313524E-12 1.2751369826E-12 -2.9443462036E-11 -2.4680592250E-11 1.2730632395E+00 -2.0870537576E-01 -4.1590191809E-12 -4.6892371339E-12 2.0870537576E-01 1.2730632395E+00
128.00 1.6167370517E+00 1.0060495235E+00 -1.7905024827E-11 1.9122287723E-12 1.0060495235E+00 1.6167370517E+00 8.6167692553E-12 5.8238756072E-13 -2.9517239868E-11 -2.4885078575E-11 1.2399548165E+00 -2.5340699177E-01 -4.0116095478E-12 -4.2935625825E-12 2.5340699177E-01 1.2399548165E+00
129.00 1.6278798779E+00 1.0584896411E+00 -1.7340379432E-11 2.5056095401E-12 1.0584896411E+00 1.6278798779E+00 7.9152337885E-12 -7.3044679562E-14 -2.9533819369E-11 -2.5052590627E-11 1.2001603257E+00 -2.9867669660E-01 -3.8869100389E-12 -3.9257715838E-12 2.9867669660E-01 1.2001603257E+00
130.00 1.6368587586E+00 1.1090108726E+00 -1.6724018119E-11 3.0664124562E-12 1.1090108726E+00 1.6368587586E+00 7.1730656994E-12 -6.9103899886E-13 -2.9494931332E-11 -2.5184406754E-11 1.1536571615E+00 -3.4420434882E-01 -3.7850324421E-12 -3.5857830852E-12 3.4420434882E-01 1.1536571615E+00
131.00 1.6438553348E+00 1.1573088416E+00 -1.6059246107E-11 3.5961877062E-12 1.1573088416E+00 1.6438553348E+00 6.3950787500E-12 -1.2691219912E-12 -2.9402275717E-11 -2.5281847019E-11 1.1004779412E+00 -3.8967282122E-01 -3.7046533409E-12 -3.2744825991E-12 3.8967282122E-01 1.1004779412E+00
132.00 1.6490887462E+00 1.2030804638E+00 -1.5351410953E-11 4.0930488579E-12 1.2030804638E+00 1.6490887462E+00 5.5844143562E-12 -1.8085825777E-12 -2.9258079818E-11 -2.5346042064E-11 1.0407087288E+00 -4.3476020083E-01 -3.6461474539E-12 -2.9909137473E-12 4.3476020083E-01 1.0407087288E+00
133.00 1.6528113359E+00 1.2460270985E+00 -1.4604541719E-11 4.5577347355E-12 1.2460270985E+00 1.6528113359E+00 4.7456073389E-12 -2.3084875271E-12 -2.9064262278E-11 -2.5378264908E-11 9.7448682849E-01 -4.7914215337E-01 -3.6084628946E-12 -2.7350201942E-12 4.7914215337E-01 9.7448682849E-01
134.00 1.6553040107E+00 1.2858577726E+00 -1.3823322677E-11 4.9904114316E-12 1.2858577726E+00 1.6553040107E+00 3.8828207261E-12 -2.7687324614E-12 -2.8823018100E-11 -2.5379776841E-11 9.0199818437E-01 -5.2249443243E-01 -3.5909410081E-12 -2.5063673728E-12 5.2249443243E-01 9.0199818437E-01
135.00 1.6568713236E+00 1.3222924291E+00 -1.3012022140E-11 5.3902962479E-12 1.3222924291E+00 1.6568713236E+00 3.0006737434E-12 -3.1905773923E-12 -2.8536210885E-11 -2.5352156029E-11 8.2347442792E-01 -5.6449551056E-01 -3.5928976343E-12 -2.3039624441E-12 5.6449551056E-01 8.2347442792E-01
136.00 1.6578363435E+00 1.3550651522E+00 -1.2176384023E-11 5.7589231091E-12 1.3550651522E+00 1.6578363435E+00 2.1024202502E-12 -3.5731524507E-12 -2.8206490902E-11 -2.5296144330E-11 7.3918961356E-01 -6.0482930660E-01 -3.6132893181E-12 -2.1272368993E-12 6.0482930660E-01 7.3918961356E-01
137.00 1.6585353807E+00 1.3839273260E+00 -1.1320190801E-11 6.0957086733E-12 1.3839273260E+00 1.6585353807E+00 1.1933404957E-12 -3.9181021742E-12 -2.7835676334E-11 -2.5213602792E-11 6.4945668609E-01 -6.4318798044E-01 -3.6511369062E-12 -1.9751238250E-12 6.4318798044E-01 6.4945668609E-01
138.00 1.6593126336E+00 1.4086506790E+00 -1.0448001133E-11 6.4025307547E-12 1.4086506790E+00 1.6593126336E+00 2.7782690947E-13 -4.2248143973E-12 -2.7426185617E-11 -2.5105464363E-11 5.5462372389E-01 -6.7927476452E-01 -3.7049045151E-12 -1.8468218184E-12 6.7927476452E-01 5.5462372389E-01
139.00 1.6605148249E+00 1.4290301757E+00 -9.5648388799E-12 6.6789722145E-12 1.4290301757E+00 1.6605148249E+00 -6.4013904188E-13 -4.4952091724E-12 -2.6980137062E-11 -2.4973181192E-11 4.5507000254E-01 -7.1280679943E-01 -3.7737121913E-12 -1.7409168780E-12 7.1280679943E-01 4.5507000254E-01
140.00 1.6624858898E+00 1.4448867139E+00 -8.6756549729E-12 6.9263077174E-12 1.4448867139E+00 1.6624858898E+00 -1.5566565096E-12 -4.7297651086E-12 -2.6499914973E-11 -2.4817858464E-11 3.5120192407E-01 -7.4351793935E-01 -3.8561820636E-12 -1.6560992188E-12 7.4351793935E-01 3.5120192407E-01
141.00 1.6655617822E+00 1.4560695920E+00 -7.7841672639E-12 7.1458787051E-12 1.4560695920E+00 1.6655617822E+00 -2.4666533202E-12 -4.9290988598E-12 -2.5987843187E-11 -2.4640776445E-11 2.4344885665E-01 -7.7116149261E-01 -3.9507702678E-12 -1.5913098766E-12 7.7116149261E-01 2.4344885665E-01
142.00 1.6700654566E+00 1.4624587146E+00 -6.8956107110E-12 7.3376374849E-12 1.4624587146E+00 1.6700654566E+00 -3.3668568313E-12 -5.0953736635E-12 -2.5445949753E-11 -2.4443227186E-11 1.3225892919E-01 -7.9551286181E-01 -4.0562236334E-12 -1.5447137194E-12 7.9551286181E-01 1.3225892919E-01
143.00 1.6763020842E+00 1.4639665069E+00 -6.0144544715E-12 7.5034824550E-12 1.4639665069E+00 1.6763020842E+00 -4.2533428807E-12 -5.2290051275E-12 -2.4876729427E-11 -2.4226271147E-11 1.8094824574E-02 -8.1637204853E-01 -4.1710773876E-12 -1.5148757768E-12 8.1637204853E-01 1.8094824574E-02
144.00 1.6845545565E+00 1.4605395155E+00 -5.1441711173E-12 7.6437677308E-12 1.4605395155E+00 1.6845545565E+00 -5.1214952792E-12 -5.3320306108E-12 -2.4282138013E-11 -2.3991178596E-11 -9.8570385985E-02 -8.3356598809E-01 -4.2935897445E-12 -1.5003571821E-12 8.3356598809E-01 -9.8570385985E-02
145.00 1.6950793254E+00 1.4521596734E+00 -4.2899008443E-12 7.7607244009E-12 1.4521596734E+00 1.6950793254E+00 -5.9685731405E-12 -5.4047810058E-12 -2.3664667684E-11 -2.3738815460E-11 -2.1725732671E-01 -8.4695068108E-01 -4.4225992476E-12 -1.4993171277E-12 8.4695068108E-01 -2.1725732671E-01
146.00 1.7081026257E+00 1.4388452174E+00 -3.4545883840E-12 7.8541693518E-12 1.4388452174E+00 1.7081026257E+00 -6.7900266049E-12 -5.4500671856E-12 -2.3026150657E-11 -2.3470546948E-11 -3.3748427999E-01 -8.5641309023E-01 -4.5561634950E-12 -1.5103649794E-12 8.5641309023E-01 -3.3748427999E-01
147.00 1.7238171182E+00 1.4206512439E+00 -2.6426163696E-12 7.9262227379E-12 1.4206512439E+00 1.7238171182E+00 -7.5830494847E-12 -5.4684797800E-12 -2.2368925645E-11 -2.3187180697E-11 -4.5877099152E-01 -8.6187277325E-01 -4.6929581417E-12 -1.5316084262E-12 8.6187277325E-01 -4.5877099152E-01
148.00 1.7423789888E+00 1.3976699010E+00 -1.8576217550E-12 7.9775908140E-12 1.3976699010E+00 1.7423789888E+00 -8.3444309655E-12 -5.4620716391E-12 -2.1694884563E-11 -2.2889814265E-11 -5.8064228359E-01 -8.6328322512E-01 -4.8314253156E-12 -1.5614514605E-12 8.6328322512E-01 -5.8064228359E-01
149.00 1.7639055334E+00 1.3700302126E+00 -1.1028041187E-12 8.0095424405E-12 1.3700302126E+00 1.7639055334E+00 -9.0710038435E-12 -5.4323558686E-12 -2.1006124684E-11 -2.2579362372E-11 -7.0263144543E-01 -8.6063290621E-01 -4.9698967843E-12 -1.5981855891E-12 8.6063290621E-01 -7.0263144543E-01
150.00 1.7884732502E+00 1.3378975395E+00 -3.8165595142E-13 8.0242091641E-12 1.3378975395E+00 1.7884732502E+00 -9.7602004925E-12 -5.3800299582E-12 -2.0304777961E-11 -2.2256490651E-11 -8.2428337252E-01 -8.5394593632E-01 -5.1072601977E-12 -1.6399331339E-12 8.5394593632E-01 -8.2428337252E-01
151.00 1.8161164576E+00 1.3014726845E+00 3.0314072826E-13 8.0210619675E-12 1.3014726845E+00 1.8161164576E+00 -1.0409184906E-11 -5.3084007942E-12 -1.9592357651E-11 -2.1922447630E-11 -9.4515743031E-01 -8.4328243845E-01 -5.2414867454E-12 -1.6854885251E-12 8.4328243845E-01 -9.4515743031E-01
152.00 1.8468264492E+00 1.2609906518E+00 9.4868183540E-13 8.0027613154E-12 1.2609906518E+00 1.8468264492E+00 -1.1015710270E-11 -5.2175992420E-12 -1.8871042455E-11 -2.1577605530E-11 -1.0648300216E+00 -8.2873852004E-01 -5.3716510812E-12 -1.7328724565E-12 8.2873852004E-01 -1.0648300216E+00
153.00 1.8805511903E+00 1.2167190773E+00 1.5525612306E-12 7.9702253419E-12 1.2167190773E+00 1.8805511903E+00 -1.1577590636E-11 -5.1094115342E-12 -1.8142579685E-11 -2.1222724461E-11 -1.1828968404E+00 -8.1044588412E-01 -5.4963002566E-12 -1.7805149230E-12 8.1044588412E-01 -1.1828968404E+00
154.00 1.9171955551E+00 1.1689563461E+00 2.1125463570E-12 7.9242089157E-12 1.1689563461E+00 1.9171955551E+00 -1.2092948737E-11 -4.9858355535E-12 -1.7408640179E-11 -2.0858624271E-11 -1.2989747996E+00 -7.8857106689E-01 -5.6140675440E-12 -1.8271089379E-12 7.8857106689E-01 -1.2989747996E+00
155.00 1.9566220985E+00 1.1180294202E+00 2.6263249021E-12 7.8654928735E-12 1.1180294202E+00 1.9566220985E+00 -1.2560406358E-11 -4.8485986596E-12 -1.6670559533E-11 -2.0485975456E-11 -1.4127036230E+00 -7.6331430306E-01 -5.7236326546E-12 -1.8712273404E-12 7.6331430306E-01 -1.4127036230E+00
156.00 1.9986523475E+00 1.0642913987E+00 3.0921948908E-12 7.7963083188E-12 1.0642913987E+00 1.9986523475E+00 -1.2978591203E-11 -4.6980525687E-12 -1.5930230855E-11 -2.0105114804E-11 -1.5237470984E+00 -7.3490802486E-01 -5.8244260997E-12 -1.9110175655E-12 7.3490802486E-01 -1.5237470984E+00
157.00 2.0430685967E+00 1.0081188372E+00 3.5091581403E-12 7.7161258897E-12 1.0081188372E+00 2.0430685967E+00 -1.3345958485E-11 -4.5371354296E-12 -1.5189007642E-11 -1.9716702710E-11 -1.6317939899E+00 -7.0361500515E-01 -5.9145532808E-12 -1.9460072264E-12 7.0361500515E-01 -1.6317939899E+00
158.00 2.0896161804E+00 9.4990885445E-01 3.8755343539E-12 7.6267852116E-12 9.4990885445E-01 2.0896161804E+00 -1.3662044758E-11 -4.3663090755E-12 -1.4448214911E-11 -1.9321089000E-11 -1.7365586143E+00 -6.6972615957E-01 -5.9936369923E-12 -1.9744926163E-12 6.6972615957E-01 -1.7365586143E+00
159.00 2.1380061944E+00 8.9007605470E-01 4.1904473405E-12 7.5293292363E-12 8.9007605470E-01 2.1380061944E+00 -1.3926265696E-11 -4.1867449883E-12 -1.3709245409E-11 -1.8918675166E-11 -1.8377810888E+00 -6.3355802705E-01 -6.0609348971E-12 -1.9952778327E-12 6.3355802705E-01 -1.8377810888E+00
160.00 2.1879186326E+00 8.2904929669E-01 4.4534363315E-12 7.4241890932E-12 8.2904929669E-01 2.1879186326E+00 -1.4138093373E-11 -4.0000679269E-12 -1.2973349641E-11 -1.8509742453E-11 -1.9352272634E+00 -5.9544995205E-01 -6.1154547335E-12 -2.0076281024E-12 5.9544995205E-01 -1.9352272634E+00
161.00 2.2390058994E+00 7.6726834010E-01 4.6636932376E-12 7.3119014720E-12 7.6726834010E-01 2.2390058994E+00 -1.4297834868E-11 -3.8076437499E-12 -1.2241335543E-11 -1.8094807229E-11 -2.0286883514E+00 -5.5576099587E-01 -6.1564991935E-12 -2.0107273924E-12 5.5576099587E-01 -2.0286883514E+00
162.00 2.2908966558E+00 7.0518040084E-01 4.8215151382E-12 7.1939302657E-12 7.0518040084E-01 2.2908966558E+00 -1.4405365924E-11 -3.6098871891E-12 -1.1514706171E-11 -1.7673794379E-11 -2.1179802799E+00 -5.1486660772E-01 -6.1840211178E-12 -2.0034419587E-12 5.1486660772E-01 -2.1179802799E+00
163.00 2.3431999526E+00 6.4323664658E-01 4.9267816041E-12 7.0699720173E-12 6.4323664658E-01 2.3431999526E+00 -1.4461256403E-11 -3.4086639457E-12 -1.0794015529E-11 -1.7247035788E-11 -2.2029427808E+00 -4.7315508963E-01 -6.1970253588E-12 -1.9856727835E-12 4.7315508963E-01 -2.2029427808E+00
164.00 2.3955096019E+00 5.8188866357E-01 4.9802354135E-12 6.9413920485E-12 5.8188866357E-01 2.3955096019E+00 -1.4466049476E-11 -3.2041401477E-12 -1.0080568994E-11 -1.6814443341E-11 -2.2834382498E+00 -4.3102389194E-01 -6.1957699325E-12 -1.9563651537E-12 4.3102389194E-01 -2.2834382498E+00
165.00 2.4474087346E+00 5.2158492554E-01 4.9820891465E-12 6.8077428016E-12 5.2158492554E-01 2.4474087346E+00 -1.4421020735E-11 -2.9980732549E-12 -9.3746304014E-12 -1.6376416591E-11 -2.3593503998E+00 -3.8887577833E-01 -6.1794603798E-12 -1.9157539913E-12 3.8887577833E-01 -2.3593503998E+00
166.00 2.4984744913E+00 4.6276729415E-01 4.9335316479E-12 6.6704520644E-12 4.6276729415E-01 2.4984744913E+00 -1.4327137785E-11 -2.7903020145E-12 -8.6772524961E-12 -1.5932681335E-11 -2.4305827409E+00 -3.4711490146E-01 -6.1488181187E-12 -1.8628842668E-12 3.4711490146E-01 -2.4305827409E+00
167.00 2.5482827897E+00 4.0586758013E-01 4.8356691410E-12 6.5292651285E-12 4.0586758013E-01 2.5482827897E+00 -1.4185921354E-11 -2.5820589549E-12 -7.9889178342E-12 -1.5483357969E-11 -2.4970569177E+00 -3.0614283140E-01 -6.1034403910E-12 -1.7980024220E-12 3.0614283140E-01 -2.4970569177E+00
168.00 2.5964131157E+00 3.5130419225E-01 4.6899786909E-12 6.3844947033E-12 3.5130419225E-01 2.5964131157E+00 -1.3998912191E-11 -2.3739847894E-12 -7.3102133457E-12 -1.5028271055E-11 -2.5587109391E+00 -2.6635458000E-01 -6.0435383897E-12 -1.7211386039E-12 2.6635458000E-01 -2.5587109391E+00
169.00 2.6424532798E+00 2.9947890073E-01 4.4979137888E-12 6.2366133019E-12 2.9947890073E-01 2.6424532798E+00 -1.3768207568E-11 -2.1662982857E-12 -6.6414505863E-12 -1.4567482620E-11 -2.6154973330E+00 -2.2813466469E-01 -5.9696389686E-12 -1.6320904973E-12 2.2813466469E-01 -2.6154973330E+00
170.00 2.6860040848E+00 2.5077373938E-01 4.2615770141E-12 6.0856406172E-12 2.5077373938E-01 2.6860040848E+00 -1.3495606418E-11 -1.9596102928E-12 -5.9831870211E-12 -1.4100615746E-11 -2.6673812633E+00 -1.9185325498E-01 -5.8820164436E-12 -1.5312363228E-12 1.9185325498E-01 -2.6673812633E+00
171.00 2.7266838511E+00 2.0554806985E-01 3.9829873619E-12 5.9314427172E-12 2.0554806985E-01 2.7266838511E+00 -1.3183444559E-11 -1.7545715396E-12 -5.3356560565E-12 -1.3627559990E-11 -2.7143386420E+00 -1.5786244412E-01 -5.7809729100E-12 -1.4191591637E-12 1.5786244412E-01 -2.7143386420E+00
172.00 2.7641327459E+00 1.6413582917E-01 3.6641080156E-12 5.7744865266E-12 1.6413582917E-01 2.7641327459E+00 -1.2834424811E-11 -1.5510340213E-12 -4.6988039658E-12 -1.3148304199E-11 -2.7563542709E+00 -1.2649268733E-01 -5.6675092089E-12 -1.2958783158E-12 1.2649268733E-01 -2.7563542709E+00
173.00 2.7980168681E+00 1.2684298015E-01 3.3077485394E-12 5.6143569159E-12 1.2684298015E-01 2.7980168681E+00 -1.2450875273E-11 -1.3496253101E-12 -4.0730802041E-12 -1.2662359773E-11 -2.7934200469E+00 -9.8049446229E-02 -5.5419136156E-12 -1.1623310235E-12 9.8049446229E-02 -2.7934200469E+00
174.00 2.8280320399E+00 9.3945182564E-02 2.9165014001E-12 5.4512387104E-12 9.3945182564E-02 2.8280320399E+00 -1.2035582355E-11 -1.1503421005E-12 -3.4585316953E-12 -1.2169454473E-11 -2.8255332619E+00 -7.2810076716E-02 -5.4051853066E-12 -1.0190157936E-12 7.2810076716E-02 -2.8255332619E+00
175.00 2.8539072632E+00 6.5685700886E-02 2.4929965107E-12 5.2851627471E-12 6.5685700886E-02 2.8539072632E+00 -1.1591618929E-11 -9.5309105193E-13 -2.8550082216E-12 -1.1669445243E-11 -2.8526950264E+00 -5.1020995251E-02 -5.2582920028E-12 -8.6648112109E-13 5.1020995251E-02 -2.8526950264E+00
176.00 2.8754077989E+00 4.2273562648E-02 2.0402599447E-12 5.1157645172E-12 4.2273562648E-02 2.8754077989E+00 -1.1121941549E-11 -7.5817088467E-13 -2.2625314420E-12 -1.1161948421E-11 -2.8749088445E+00 -3.2895155126E-02 -5.1019125283E-12 -7.0580952349E-13 3.2895155126E-02 -2.8749088445E+00
177.00 2.8923378362E+00 2.3881979638E-02 1.5613475597E-12 4.9430856805E-12 2.3881979638E-02 2.8923378362E+00 -1.0629753218E-11 -5.6546149237E-13 -1.6809762951E-12 -1.0646688895E-11 -2.8921793656E+00 -1.8609861074E-02 -4.9372094676E-12 -5.3780306925E-13 1.8609861074E-02 -2.8921793656E+00
178.00 2.9045427190E+00 1.0647042160E-02 1.0594689418E-12 4.7668583880E-12 1.0647042160E-02 2.9045427190E+00 -1.0118251220E-11 -3.7498040232E-13 -1.1101957835E-12 -1.0123283650E-11 -2.9045113315E+00 -8.3049467109E-03 -4.7651100509E-12 -3.6351251133E-13 8.3049467109E-03 -2.9045113315E+00
179.00 2.9119107046E+00 2.6666947666E-03 5.3787728602E-13 4.5869351149E-12 2.6666947666E-03 2.9119107046E+00 -9.5908193260E-12 -1.8653409795E-13 -5.4993925003E-13 -9.5914498106E-12 -2.9119087397E+00 -2.0813353001E-03 -4.5867159578E-12 -1.8387924116E-13 2.0813353001E-03 -2.9119087397E+00
180.00 2.9143742348E+00 4.6913428003E-16 1.7535128407E-18 4.4031933351E-12 4.6913428003E-16 2.9143742348E+00 -9.0508461148E-12 1.1446640038E-18 -1.7535128444E-18 -9.0508461148E-12 -2.9143742348E+00 -1.4542403740E-15 -4.4031933351E-12 1.1446640076E-18 1.4542403740E-15 -2.9143742348E+00
